timestamp,container_fs_usage_bytes,container_memory_rss,container_memory_usage_bytes,container_memory_working_set_bytes,container_cpu_system_seconds_total,container_cpu_usage_seconds_total,container_cpu_user_seconds_total,container_network_receive_bytes_total,container_network_receive_errors_total,container_network_receive_packets_dropped_total,container_network_receive_packets_total,container_network_transmit_bytes_total,container_network_transmit_errors_total,container_network_transmit_packets_dropped_total,container_network_transmit_packets_total,container_fs_io_time_seconds_total,container_memory_failures_total,container_memory_failcnt,container_fs_write_seconds_total
2023-03-01 02:21:23.703000+00:00,,33943552.0,36630528.0,36630528.0,0.16,,,3099.0,0.0,0.0,30.0,5275.0,0.0,0.0,13.0,,0.0,,
2023-03-01 02:21:29.498000+00:00,,,36634624.0,36634624.0,0.16,0.012523753,0.79,5036.0,0.0,0.0,55.0,10500.0,0.0,0.0,25.0,0.0,,,
2023-03-01 02:21:33.552000+00:00,45056.0,33951744.0,36720640.0,36720640.0,0.18,0.000592002,0.86,5913.0,0.0,0.0,65.0,15551.0,0.0,0.0,34.0,0.0,0.0,0.0,0.0
2023-03-01 02:21:39.697000+00:00,,33951744.0,36708352.0,36708352.0,0.18,0.000592002,,7057.0,0.0,0.0,78.0,20734.0,0.0,0.0,45.0,,0.0,,
2023-03-01 02:21:44.774000+00:00,45056.0,33959936.0,36716544.0,36716544.0,0.18,0.000592002,0.94,8991.0,0.0,0.0,100.0,31100.0,0.0,0.0,67.0,0.0,0.0,0.0,0.0
2023-03-01 02:21:49.109000+00:00,,33959936.0,36716544.0,36716544.0,0.18,0.000592002,0.94,8991.0,0.0,0.0,100.0,31100.0,0.0,0.0,67.0,,0.0,0.0,
2023-03-01 02:21:54.005000+00:00,45056.0,33996800.0,36909056.0,36909056.0,0.2,0.000592002,1.02,10189.0,0.0,0.0,114.0,36357.0,0.0,0.0,79.0,0.0,0.0,0.0,0.0
2023-03-01 02:21:59.878000+00:00,,,,36769792.0,0.2,0.000592002,1.02,12165.0,0.0,0.0,137.0,46765.0,0.0,0.0,102.0,,,,
2023-03-01 02:22:04.232000+00:00,45056.0,34009088.0,36950016.0,36950016.0,0.21,0.000592002,1.09,12333.0,0.0,0.0,141.0,46765.0,0.0,0.0,102.0,0.0,0.0,0.0,0.0
2023-03-01 02:22:08.766000+00:00,,34013184.0,36773888.0,36773888.0,0.21,0.000592002,,13300.0,0.0,0.0,152.0,51948.0,0.0,0.0,113.0,,0.0,,
2023-03-01 02:22:14.419000+00:00,45056.0,34017280.0,36786176.0,36786176.0,0.22,0.000592002,1.16,14267.0,0.0,0.0,163.0,57131.0,0.0,0.0,124.0,0.0,0.0,0.0,0.0
2023-03-01 02:22:19.238000+00:00,,34021376.0,36777984.0,36777984.0,0.22,0.000592002,1.16,15234.0,0.0,0.0,174.0,62248.0,0.0,0.0,134.0,,,,
2023-03-01 02:22:23.317000+00:00,57344.0,34062336.0,37019648.0,37019648.0,0.25,0.000592002,1.22,16255.0,0.0,0.0,186.0,67505.0,0.0,0.0,146.0,0.0,0.0,0.0,0.0
2023-03-01 02:22:29.735000+00:00,,,,,0.25,0.000592002,,,,,,,,,,,,,
2023-03-01 02:22:34.449000+00:00,57344.0,34070528.0,36974592.0,36974592.0,0.28,0.000592002,1.28,18276.0,0.0,0.0,209.0,77781.0,0.0,0.0,167.0,0.0,0.0,0.0,0.0
2023-03-01 02:22:39.672000+00:00,,34070528.0,36835328.0,36835328.0,0.28,0.000592002,,19243.0,0.0,0.0,220.0,82964.0,0.0,0.0,178.0,,0.0,,
2023-03-01 02:22:43.671000+00:00,57344.0,34074624.0,37101568.0,37101568.0,0.29,0.000330414,1.35,20210.0,0.0,0.0,231.0,88147.0,0.0,0.0,189.0,0.0,0.0,0.0,0.0
2023-03-01 02:22:48.859000+00:00,57344.0,34074624.0,36835328.0,36835328.0,0.29,0.000330414,1.35,21177.0,0.0,0.0,242.0,93330.0,0.0,0.0,200.0,0.0,0.0,0.0,0.0
2023-03-01 02:22:53.251000+00:00,57344.0,34078720.0,36839424.0,36839424.0,0.29,0.000330414,1.36,22132.0,0.0,0.0,253.0,98521.0,0.0,0.0,211.0,0.0,0.0,0.0,0.0
2023-03-01 02:22:59.369000+00:00,,,,,0.3,0.000330414,1.43,,,,,,,,,,,,
2023-03-01 02:23:04.547000+00:00,57344.0,34078720.0,36999168.0,36999168.0,0.32,0.000330414,1.5,24108.0,0.0,0.0,276.0,108929.0,0.0,0.0,234.0,0.0,0.0,0.0,0.0
2023-03-01 02:23:09.236000+00:00,,34078720.0,36843520.0,36843520.0,0.32,0.000330414,1.5,25075.0,0.0,0.0,287.0,114112.0,0.0,0.0,245.0,0.0,0.0,,
2023-03-01 02:23:14.821000+00:00,57344.0,34078720.0,36933632.0,36933632.0,0.34,0.000330414,1.56,27009.0,0.0,0.0,309.0,124478.0,0.0,0.0,267.0,0.0,0.0,0.0,0.0
2023-03-01 02:23:19.251000+00:00,57344.0,34078720.0,36851712.0,36851712.0,0.34,0.000330414,1.56,27009.0,0.0,0.0,309.0,124478.0,0.0,0.0,267.0,0.0,0.0,0.0,0.0
2023-03-01 02:23:23.734000+00:00,61440.0,34086912.0,36962304.0,36962304.0,0.34,0.000330414,1.57,28030.0,0.0,0.0,321.0,129735.0,0.0,0.0,279.0,0.0,0.0,0.0,0.0
2023-03-01 02:23:28.418000+00:00,,,,,0.37,0.001772753,,,,0.0,333.0,134960.0,0.0,0.0,291.0,,,,
2023-03-01 02:23:33.650000+00:00,61440.0,34086912.0,36843520.0,36843520.0,0.37,0.000330414,1.63,30113.0,0.0,0.0,345.0,140143.0,0.0,0.0,302.0,0.0,0.0,0.0,0.0
2023-03-01 02:23:39.560000+00:00,,34086912.0,36855808.0,36855808.0,0.39,0.000330414,1.69,31080.0,0.0,0.0,356.0,145326.0,0.0,0.0,313.0,,0.0,,
2023-03-01 02:23:43.299000+00:00,61440.0,34086912.0,36843520.0,36843520.0,0.39,0.000330414,1.7,32117.0,0.0,0.0,368.0,150509.0,0.0,0.0,324.0,0.0,0.0,0.0,0.0
2023-03-01 02:23:49.031000+00:00,,34086912.0,36859904.0,36859904.0,0.41,0.000330414,1.76,33084.0,0.0,0.0,379.0,155692.0,0.0,0.0,335.0,0.0,,,
2023-03-01 02:23:53.716000+00:00,61440.0,34103296.0,36970496.0,36970496.0,0.42,0.000330414,1.77,34039.0,0.0,0.0,390.0,160883.0,0.0,0.0,346.0,0.0,0.0,0.0,0.0
2023-03-01 02:23:58.767000+00:00,,,,,0.44,,,35048.0,0.0,0.0,402.0,166108.0,0.0,0.0,358.0,,,,
2023-03-01 02:24:04.539000+00:00,61440.0,34115584.0,36872192.0,36872192.0,0.44,0.000330414,1.84,36015.0,0.0,0.0,413.0,171291.0,0.0,0.0,369.0,0.0,0.0,0.0,0.0
2023-03-01 02:24:09.601000+00:00,,34119680.0,36876288.0,36876288.0,0.46,0.000330414,,36982.0,0.0,0.0,424.0,176474.0,0.0,0.0,380.0,,0.0,,
2023-03-01 02:24:14.114000+00:00,61440.0,34119680.0,36876288.0,36876288.0,0.46,0.000330414,1.88,37949.0,0.0,0.0,435.0,181657.0,0.0,0.0,391.0,0.0,0.0,0.0,0.0
2023-03-01 02:24:19.303000+00:00,,34119680.0,36921344.0,36921344.0,0.5,,,38916.0,0.0,0.0,446.0,186840.0,0.0,0.0,402.0,,,,
2023-03-01 02:24:23.527000+00:00,65536.0,34123776.0,37023744.0,37023744.0,0.5,0.000330414,1.96,39937.0,0.0,0.0,458.0,192097.0,0.0,0.0,414.0,0.0,0.0,0.0,0.0
2023-03-01 02:24:29.684000+00:00,65536.0,34123776.0,,,0.52,0.000330414,2.02,,,,,,,,,0.0,0.0,0.0,0.0
2023-03-01 02:24:33.476000+00:00,65536.0,34123776.0,36880384.0,36880384.0,0.52,0.000330414,2.03,41997.0,0.0,0.0,483.0,202505.0,0.0,0.0,437.0,0.0,0.0,0.0,0.0
2023-03-01 02:24:38.422000+00:00,,36298752.0,39706624.0,39706624.0,0.55,,,79756.0,0.0,0.0,729.0,259420.0,0.0,0.0,763.0,,,,
2023-03-01 02:24:43.463000+00:00,65536.0,35000320.0,37945344.0,37945344.0,0.62,0.011107006,2.88,122774.0,0.0,0.0,1025.0,331159.0,0.0,0.0,1174.0,0.0,0.0,0.0,0.0
2023-03-01 02:24:48.666000+00:00,,,,,0.68,,,,,,,,,,,,,,
2023-03-01 02:24:53.019000+00:00,65536.0,35037184.0,37838848.0,37838848.0,0.71,0.041077213,3.57,176293.0,0.0,0.0,1414.0,430678.0,0.0,0.0,1723.0,0.0,0.0,0.0,0.0
2023-03-01 02:24:59.670000+00:00,,,,,0.78,,,,,,,,,,,,,,
2023-03-01 02:25:03.329000+00:00,65536.0,35037184.0,37851136.0,37851136.0,0.81,0.057996064,4.1,220880.0,0.0,0.0,1726.0,509665.0,0.0,0.0,2150.0,0.0,0.0,0.0,0.0
2023-03-01 02:25:09.829000+00:00,,,,37838848.0,0.81,0.057996064,4.1,222822.0,0.0,0.0,1748.0,520183.0,0.0,0.0,2172.0,0.0,,,
2023-03-01 02:25:13.721000+00:00,65536.0,35037184.0,37855232.0,37855232.0,0.84,0.057996064,4.15,222864.0,0.0,0.0,1749.0,520225.0,0.0,0.0,2173.0,0.0,0.0,0.0,0.0
2023-03-01 02:25:19.154000+00:00,65536.0,35037184.0,37838848.0,37838848.0,0.84,0.057996064,4.15,223831.0,0.0,0.0,1760.0,525484.0,0.0,0.0,2184.0,0.0,0.0,,0.0
2023-03-01 02:25:24.036000+00:00,167936.0,35041280.0,37842944.0,37842944.0,0.86,0.058312363,4.23,224852.0,0.0,0.0,1772.0,530817.0,0.0,0.0,2196.0,0.0,0.0,0.0,0.0
2023-03-01 02:25:28.753000+00:00,167936.0,,,,0.86,0.058312363,4.23,,,,,,,,,0.0,,0.0,0.0
2023-03-01 02:25:34.600000+00:00,167936.0,35041280.0,37851136.0,37851136.0,0.88,0.058312363,4.29,226828.0,0.0,0.0,1795.0,541377.0,0.0,0.0,2219.0,0.0,0.0,0.0,0.0
2023-03-01 02:25:38.634000+00:00,167936.0,35041280.0,37838848.0,37838848.0,0.88,0.058312363,4.3,227976.0,0.0,0.0,1808.0,546702.0,0.0,0.0,2231.0,0.0,,0.0,0.0
2023-03-01 02:25:44.475000+00:00,167936.0,35041280.0,37830656.0,37830656.0,0.9,0.058312363,4.35,228985.0,0.0,0.0,1820.0,552003.0,0.0,0.0,2243.0,0.0,0.0,0.0,0.0
2023-03-01 02:25:48.985000+00:00,,35041280.0,37826560.0,37826560.0,0.9,,,229952.0,0.0,0.0,1831.0,557262.0,0.0,0.0,2254.0,,,,
2023-03-01 02:25:54.492000+00:00,167936.0,35049472.0,37834752.0,37834752.0,0.91,0.058312363,4.42,230973.0,0.0,0.0,1843.0,562595.0,0.0,0.0,2266.0,0.0,0.0,0.0,0.0
2023-03-01 02:25:58.984000+00:00,,,,,0.92,0.058312363,4.43,,,,,,,,,0.0,,,
2023-03-01 02:26:03.830000+00:00,167936.0,35049472.0,37953536.0,37953536.0,0.92,0.058312363,4.48,232949.0,0.0,0.0,1866.0,573155.0,0.0,0.0,2289.0,0.0,0.0,0.0,0.0
2023-03-01 02:26:08.779000+00:00,,35049472.0,37830656.0,37830656.0,0.92,,,233990.0,0.0,0.0,1878.0,578480.0,0.0,0.0,2301.0,,,,
2023-03-01 02:26:14.752000+00:00,167936.0,35057664.0,37859328.0,37859328.0,0.95,0.058312363,4.57,236008.0,0.0,0.0,1902.0,589082.0,0.0,0.0,2325.0,0.0,0.0,0.0,0.0
2023-03-01 02:26:19.023000+00:00,,,37838848.0,37838848.0,0.95,0.058312363,4.57,236008.0,0.0,0.0,1902.0,589082.0,0.0,0.0,2325.0,0.0,,,
2023-03-01 02:26:24.885000+00:00,172032.0,35061760.0,37990400.0,37990400.0,0.98,0.058312363,4.64,238066.0,0.0,0.0,1926.0,599674.0,0.0,0.0,2348.0,0.0,0.0,0.0,0.0
2023-03-01 02:26:29.417000+00:00,172032.0,35061760.0,37838848.0,,0.98,0.058312363,4.64,,,,,,,,,0.0,0.0,0.0,0.0
2023-03-01 02:26:34.418000+00:00,172032.0,35061760.0,37838848.0,37838848.0,0.98,0.058312363,4.65,239075.0,0.0,0.0,1938.0,604975.0,0.0,0.0,2360.0,0.0,0.0,0.0,0.0
2023-03-01 02:26:39.907000+00:00,,,37838848.0,37838848.0,1.0,0.058312363,4.71,241083.0,0.0,0.0,1961.0,615559.0,0.0,0.0,2383.0,0.0,,,
2023-03-01 02:26:44.761000+00:00,172032.0,35061760.0,37969920.0,37969920.0,1.0,0.058312363,4.71,242092.0,0.0,0.0,1973.0,620860.0,0.0,0.0,2395.0,0.0,0.0,0.0,0.0
2023-03-01 02:26:48.658000+00:00,172032.0,35061760.0,37847040.0,37847040.0,1.02,0.058312363,4.78,242092.0,0.0,0.0,1973.0,620860.0,0.0,0.0,2395.0,0.0,,0.0,0.0
2023-03-01 02:26:54.773000+00:00,172032.0,35074048.0,37855232.0,37855232.0,1.02,0.058312363,4.8,244080.0,0.0,0.0,1996.0,631452.0,0.0,0.0,2418.0,0.0,0.0,0.0,0.0
2023-03-01 02:26:59.377000+00:00,172032.0,35074048.0,,,1.05,0.058312363,4.85,,,,,,,0.0,2419.0,0.0,0.0,0.0,0.0
2023-03-01 02:27:04.191000+00:00,172032.0,35074048.0,37851136.0,37851136.0,1.05,0.058312363,4.86,245089.0,0.0,0.0,2008.0,636753.0,0.0,0.0,2430.0,0.0,0.0,0.0,0.0
2023-03-01 02:27:08.187000+00:00,172032.0,35074048.0,37896192.0,37896192.0,1.06,0.000313111,,246130.0,0.0,0.0,2020.0,642078.0,0.0,0.0,2442.0,,,,0.0
2023-03-01 02:27:14.498000+00:00,172032.0,35074048.0,37851136.0,37851136.0,1.06,0.058312363,4.91,247139.0,0.0,0.0,2032.0,647379.0,0.0,0.0,2454.0,0.0,0.0,0.0,0.0
2023-03-01 02:27:19.242000+00:00,,35074048.0,37855232.0,37855232.0,1.09,,,248106.0,0.0,0.0,2043.0,652638.0,0.0,0.0,2465.0,,,,
2023-03-01 02:27:24.827000+00:00,176128.0,35090432.0,37867520.0,37867520.0,1.09,0.06052571,4.97,250028.0,0.0,0.0,2065.0,663164.0,0.0,0.0,2487.0,0.0,0.0,0.0,0.0
2023-03-01 02:27:29.008000+00:00,176128.0,,,,1.12,0.06052571,5.05,,,,,,,,,0.0,,0.0,0.0
2023-03-01 02:27:33.564000+00:00,176128.0,35094528.0,37871616.0,37871616.0,1.12,0.06052571,5.06,251037.0,0.0,0.0,2077.0,668465.0,0.0,0.0,2499.0,0.0,0.0,0.0,0.0
2023-03-01 02:27:39.156000+00:00,176128.0,,37892096.0,37892096.0,1.14,,,251938.0,0.0,0.0,2087.0,673592.0,0.0,0.0,2508.0,0.0,,,
2023-03-01 02:27:43.882000+00:00,176128.0,35094528.0,37871616.0,37871616.0,1.14,0.06052571,5.12,252905.0,0.0,0.0,2098.0,678851.0,0.0,0.0,2519.0,0.0,0.0,0.0,0.0
2023-03-01 02:27:49.592000+00:00,176128.0,35098624.0,37879808.0,37879808.0,1.16,0.060670204,5.18,253806.0,0.0,0.0,2108.0,684044.0,0.0,0.0,2529.0,0.0,0.0,0.0,0.0
2023-03-01 02:27:54.081000+00:00,176128.0,35110912.0,37888000.0,37888000.0,1.17,0.060670204,5.19,254761.0,0.0,0.0,2119.0,689311.0,0.0,0.0,2540.0,0.0,0.0,0.0,0.0
2023-03-01 02:27:59.035000+00:00,176128.0,,,,1.19,0.063698988,5.26,,,,,,,,2552.0,0.0,,,0.0
2023-03-01 02:28:04.554000+00:00,176128.0,35110912.0,37892096.0,37892096.0,1.19,0.063698988,5.26,256737.0,0.0,0.0,2142.0,699871.0,0.0,0.0,2563.0,0.0,0.0,0.0,0.0
2023-03-01 02:28:08.565000+00:00,,35241984.0,38551552.0,38551552.0,1.21,0.011591992,,257704.0,0.0,0.0,2153.0,705130.0,0.0,0.0,2574.0,,,,
2023-03-01 02:28:14.721000+00:00,176128.0,35110912.0,37888000.0,37888000.0,1.23,0.063698988,5.33,258605.0,0.0,0.0,2163.0,710323.0,0.0,0.0,2584.0,0.0,0.0,0.0,0.0
2023-03-01 02:28:18.979000+00:00,176128.0,35110912.0,38174720.0,38174720.0,1.26,0.063698988,5.38,259572.0,0.0,0.0,2174.0,715582.0,0.0,0.0,2595.0,0.0,,,0.0
2023-03-01 02:28:23.542000+00:00,184320.0,35119104.0,37896192.0,37896192.0,1.26,0.063698988,5.4,260461.0,0.0,0.0,2184.0,720783.0,0.0,0.0,2605.0,0.0,0.0,0.0,0.0
2023-03-01 02:28:29.494000+00:00,184320.0,35119104.0,37928960.0,37928960.0,1.28,0.063698988,5.46,261470.0,,,,,,,,0.0,0.0,0.0,0.0
2023-03-01 02:28:33.896000+00:00,184320.0,35119104.0,37896192.0,37896192.0,1.28,0.063698988,5.47,262437.0,0.0,0.0,2207.0,731343.0,0.0,0.0,2628.0,0.0,0.0,0.0,0.0
2023-03-01 02:28:38.434000+00:00,184320.0,,37896192.0,37896192.0,1.28,,,263404.0,0.0,0.0,2218.0,736602.0,0.0,0.0,2639.0,,,,0.0
2023-03-01 02:28:43.365000+00:00,184320.0,35119104.0,37896192.0,37896192.0,1.3,0.063698988,5.54,264371.0,0.0,0.0,2229.0,741861.0,0.0,0.0,2650.0,0.0,0.0,0.0,0.0
2023-03-01 02:28:48.099000+00:00,184320.0,35119104.0,37896192.0,37896192.0,1.3,0.063698988,5.54,265338.0,0.0,0.0,2240.0,747120.0,0.0,0.0,2661.0,0.0,,0.0,0.0
2023-03-01 02:28:53.957000+00:00,184320.0,35123200.0,37900288.0,37900288.0,1.32,0.065845819,5.61,266359.0,0.0,0.0,2252.0,752453.0,0.0,0.0,2673.0,0.0,0.0,0.0,0.0
2023-03-01 02:28:59.315000+00:00,,,,,1.32,,,,,,,,,,2684.0,,,,
2023-03-01 02:29:04.023000+00:00,184320.0,35123200.0,37904384.0,37904384.0,1.33,0.070187801,5.66,268269.0,0.0,0.0,2274.0,762947.0,0.0,0.0,2695.0,0.0,0.0,0.0,0.0
2023-03-01 02:29:09.710000+00:00,184320.0,35127296.0,37908480.0,37908480.0,1.33,0.070187801,5.67,269236.0,0.0,0.0,2285.0,768206.0,0.0,0.0,2706.0,0.0,,0.0,0.0
2023-03-01 02:29:14.414000+00:00,184320.0,35127296.0,37904384.0,37904384.0,1.34,0.070187801,5.74,270203.0,0.0,0.0,2296.0,773465.0,0.0,0.0,2717.0,0.0,0.0,0.0,0.0
2023-03-01 02:29:19.835000+00:00,,35127296.0,38035456.0,38035456.0,1.34,,,272137.0,0.0,0.0,2318.0,783983.0,0.0,0.0,2739.0,,0.0,0.0,
2023-03-01 02:29:23.172000+00:00,188416.0,35131392.0,37933056.0,37933056.0,1.38,0.070187801,5.8,272191.0,0.0,0.0,2319.0,784057.0,0.0,0.0,2740.0,0.0,0.0,0.0,0.0
2023-03-01 02:29:28.170000+00:00,188416.0,,,,1.38,0.070187801,5.81,,,,,,,,,0.0,,0.0,0.0
2023-03-01 02:29:34.352000+00:00,188416.0,35131392.0,37908480.0,37908480.0,1.39,0.070187801,5.86,274167.0,0.0,0.0,2342.0,794617.0,0.0,0.0,2763.0,0.0,0.0,0.0,0.0
2023-03-01 02:29:39.227000+00:00,188416.0,,37912576.0,37912576.0,1.39,0.070187801,5.86,275134.0,0.0,0.0,2353.0,799876.0,0.0,0.0,2774.0,0.0,,,0.0
2023-03-01 02:29:44.361000+00:00,188416.0,35139584.0,37965824.0,37965824.0,1.41,0.070187801,5.92,276101.0,0.0,0.0,2364.0,805135.0,0.0,0.0,2785.0,0.0,0.0,0.0,0.0
2023-03-01 02:29:49.509000+00:00,188416.0,35139584.0,37920768.0,37920768.0,1.41,0.070187801,5.93,277068.0,0.0,0.0,2375.0,810394.0,0.0,0.0,2796.0,0.0,,0.0,0.0
2023-03-01 02:29:54.011000+00:00,188416.0,35147776.0,37924864.0,37924864.0,1.43,0.070187801,5.99,278196.0,0.0,0.0,2388.0,815727.0,0.0,0.0,2808.0,0.0,0.0,0.0,0.0
2023-03-01 02:29:58.856000+00:00,188416.0,,,,1.43,0.070187801,5.99,,,,,,,0.0,2820.0,0.0,,,0.0
2023-03-01 02:30:04.902000+00:00,188416.0,35147776.0,37924864.0,37924864.0,1.45,0.070187801,6.06,281139.0,0.0,0.0,2422.0,831546.0,0.0,0.0,2842.0,0.0,0.0,0.0,0.0
2023-03-01 02:30:08.545000+00:00,188416.0,35147776.0,37924864.0,37924864.0,1.45,0.070187801,6.06,281139.0,0.0,0.0,2422.0,831546.0,0.0,0.0,2842.0,0.0,,0.0,0.0
2023-03-01 02:30:13.311000+00:00,188416.0,35147776.0,37924864.0,37924864.0,1.45,0.070187801,6.06,282106.0,0.0,0.0,2433.0,836805.0,0.0,0.0,2853.0,0.0,0.0,0.0,0.0
2023-03-01 02:30:18.837000+00:00,,,37924864.0,37924864.0,1.48,,,283073.0,0.0,0.0,2444.0,842064.0,0.0,0.0,2864.0,,,,
2023-03-01 02:30:23.653000+00:00,192512.0,35151872.0,37928960.0,37928960.0,1.48,0.070187801,6.17,284094.0,0.0,0.0,2456.0,847397.0,0.0,0.0,2876.0,0.0,0.0,0.0,0.0
2023-03-01 02:30:28.887000+00:00,192512.0,,,,1.5,0.070187801,6.21,,,,,,,,,0.0,,0.0,0.0
2023-03-01 02:30:33.858000+00:00,192512.0,35151872.0,37933056.0,37933056.0,1.5,0.070187801,6.22,286070.0,0.0,0.0,2479.0,857957.0,0.0,0.0,2899.0,0.0,0.0,0.0,0.0
2023-03-01 02:30:39.745000+00:00,192512.0,,38060032.0,38060032.0,1.55,0.070187801,6.31,287938.0,0.0,0.0,2500.0,868409.0,0.0,0.0,2920.0,0.0,,,0.0
2023-03-01 02:30:44.018000+00:00,192512.0,35151872.0,37928960.0,37928960.0,1.55,0.070187801,6.31,287938.0,0.0,0.0,2500.0,868409.0,0.0,0.0,2920.0,0.0,0.0,0.0,0.0
2023-03-01 02:30:48.100000+00:00,192512.0,35151872.0,37937152.0,37937152.0,1.57,0.070187801,6.38,288905.0,0.0,0.0,2511.0,873668.0,0.0,0.0,2931.0,0.0,,0.0,0.0
2023-03-01 02:30:54.123000+00:00,192512.0,35151872.0,37928960.0,37928960.0,1.57,0.070187801,6.4,289926.0,0.0,0.0,2523.0,879001.0,0.0,0.0,2943.0,0.0,0.0,0.0,0.0
2023-03-01 02:30:58.882000+00:00,192512.0,,,,1.6,0.070187801,6.46,,,,,,0.0,0.0,2955.0,0.0,,0.0,0.0
2023-03-01 02:31:04.113000+00:00,192512.0,35151872.0,37928960.0,37928960.0,1.6,0.070187801,6.46,291902.0,0.0,0.0,2546.0,889561.0,0.0,0.0,2966.0,0.0,0.0,0.0,0.0
2023-03-01 02:31:08.911000+00:00,,35151872.0,37945344.0,37945344.0,1.63,,,292869.0,0.0,0.0,2557.0,894820.0,0.0,0.0,2977.0,,,,
2023-03-01 02:31:13.364000+00:00,192512.0,35151872.0,37928960.0,37928960.0,1.63,0.070187801,6.52,293836.0,0.0,0.0,2568.0,900079.0,0.0,0.0,2988.0,0.0,0.0,0.0,0.0
2023-03-01 02:31:19.559000+00:00,192512.0,,37978112.0,37978112.0,1.65,,,294803.0,0.0,0.0,2579.0,905338.0,0.0,0.0,2999.0,,,0.0,0.0
2023-03-01 02:31:24.396000+00:00,196608.0,35246080.0,38027264.0,38027264.0,1.66,0.070187801,6.63,295824.0,0.0,0.0,2591.0,910671.0,0.0,0.0,3011.0,0.0,0.0,0.0,0.0
2023-03-01 02:31:28.742000+00:00,,,,,1.68,0.070187801,6.67,,,,,,,,,0.0,,0.0,0.0
2023-03-01 02:31:33.851000+00:00,196608.0,35246080.0,38023168.0,38023168.0,1.68,0.070187801,6.68,297800.0,0.0,0.0,2614.0,921231.0,0.0,0.0,3034.0,0.0,0.0,0.0,0.0
2023-03-01 02:31:38.780000+00:00,,35246080.0,38166528.0,38166528.0,1.7,,,298767.0,0.0,0.0,2625.0,926490.0,0.0,0.0,3045.0,,,,
2023-03-01 02:31:44.011000+00:00,196608.0,35246080.0,38023168.0,38023168.0,1.7,0.070187801,6.75,299734.0,0.0,0.0,2636.0,931749.0,0.0,0.0,3056.0,0.0,0.0,0.0,0.0
2023-03-01 02:31:49.493000+00:00,196608.0,35246080.0,38023168.0,38023168.0,1.72,0.070187801,6.79,300771.0,0.0,0.0,2648.0,937008.0,0.0,0.0,3067.0,0.0,,0.0,0.0
2023-03-01 02:31:54.624000+00:00,196608.0,35246080.0,38023168.0,38023168.0,1.72,0.070187801,6.8,301792.0,0.0,0.0,2660.0,942341.0,0.0,0.0,3079.0,0.0,0.0,0.0,0.0
2023-03-01 02:31:59.582000+00:00,196608.0,,,,1.74,0.070187801,6.87,,,,,,,,,0.0,,0.0,0.0
2023-03-01 02:32:03.899000+00:00,196608.0,35246080.0,38023168.0,38023168.0,1.74,0.070187801,6.88,303768.0,0.0,0.0,2683.0,952901.0,0.0,0.0,3102.0,0.0,0.0,0.0,0.0
2023-03-01 02:32:09.639000+00:00,196608.0,35246080.0,38064128.0,38064128.0,1.78,0.070187801,6.96,304735.0,0.0,0.0,2694.0,958160.0,0.0,0.0,3113.0,0.0,,,0.0
2023-03-01 02:32:13.706000+00:00,196608.0,35246080.0,38023168.0,38023168.0,1.78,0.070187801,6.96,305702.0,0.0,0.0,2705.0,963419.0,0.0,0.0,3124.0,0.0,0.0,0.0,0.0
2023-03-01 02:32:19.735000+00:00,196608.0,35246080.0,38051840.0,38051840.0,1.79,0.070187801,7.02,307306.0,0.0,0.0,2722.0,970521.0,0.0,0.0,3140.0,0.0,,0.0,0.0
2023-03-01 02:32:23.478000+00:00,200704.0,35250176.0,38055936.0,38055936.0,1.79,0.070187801,7.03,307690.0,0.0,0.0,2728.0,974011.0,0.0,0.0,3147.0,0.0,0.0,0.0,0.0
2023-03-01 02:32:28.931000+00:00,200704.0,35250176.0,,,1.79,0.070187801,7.03,,,,,,,,,0.0,0.0,0.0,0.0
2023-03-01 02:32:33.597000+00:00,200704.0,35250176.0,38039552.0,38039552.0,1.81,0.078729398,7.11,309600.0,0.0,0.0,2750.0,984505.0,0.0,0.0,3169.0,0.0,0.0,0.0,0.0
2023-03-01 02:32:38.450000+00:00,,35250176.0,38035456.0,38035456.0,1.81,0.318198029,,310567.0,0.0,0.0,2761.0,989764.0,0.0,0.0,3180.0,,,,
2023-03-01 02:32:44.757000+00:00,200704.0,35250176.0,38035456.0,38035456.0,1.82,0.091068945,7.2,312501.0,0.0,0.0,2783.0,1000282.0,0.0,0.0,3202.0,0.0,0.0,0.0,0.0
2023-03-01 02:32:48.625000+00:00,200704.0,35250176.0,38031360.0,38031360.0,1.82,0.091068945,7.2,312501.0,0.0,0.0,2783.0,1000282.0,0.0,0.0,3202.0,0.0,,0.0,0.0
2023-03-01 02:32:53.478000+00:00,200704.0,35250176.0,38035456.0,38035456.0,1.85,0.157117971,7.26,313522.0,0.0,0.0,2795.0,1005615.0,0.0,0.0,3214.0,0.0,0.0,0.0,0.0
2023-03-01 02:32:59.675000+00:00,,35250176.0,38027264.0,,1.85,0.157117971,7.26,,,,,,,,,0.0,0.0,,
2023-03-01 02:33:03.614000+00:00,200704.0,35250176.0,38027264.0,38027264.0,1.86,0.157117971,7.31,315474.0,0.0,0.0,2818.0,1016151.0,0.0,0.0,3237.0,0.0,0.0,0.0,0.0
2023-03-01 02:33:08.364000+00:00,200704.0,35250176.0,38031360.0,38031360.0,1.86,0.157117971,7.32,316441.0,0.0,0.0,2829.0,1021410.0,0.0,0.0,3248.0,0.0,0.0,0.0,0.0
2023-03-01 02:33:14.390000+00:00,200704.0,35250176.0,38035456.0,38035456.0,1.88,0.158137648,7.36,317408.0,0.0,0.0,2840.0,1026669.0,0.0,0.0,3259.0,0.0,0.0,0.0,0.0
2023-03-01 02:33:18.725000+00:00,200704.0,35250176.0,38027264.0,38027264.0,1.88,0.158137648,7.37,318375.0,0.0,0.0,2851.0,1031928.0,0.0,0.0,3270.0,0.0,0.0,0.0,0.0
2023-03-01 02:33:24.547000+00:00,204800.0,35250176.0,38166528.0,38166528.0,1.89,0.158137648,7.44,319396.0,0.0,0.0,2863.0,1037261.0,0.0,0.0,3282.0,0.0,0.0,0.0,0.0
2023-03-01 02:33:29.372000+00:00,204800.0,,,,1.89,0.158137648,7.44,,,,,,,,3294.0,0.0,,,0.0
2023-03-01 02:33:34.327000+00:00,204800.0,35250176.0,38027264.0,38027264.0,1.91,0.158137648,7.52,321372.0,0.0,0.0,2886.0,1047821.0,0.0,0.0,3305.0,0.0,0.0,0.0,0.0
2023-03-01 02:33:38.753000+00:00,204800.0,35250176.0,38027264.0,38027264.0,1.91,,,322339.0,0.0,0.0,2897.0,1053080.0,0.0,0.0,3316.0,,,0.0,0.0
2023-03-01 02:33:43.955000+00:00,204800.0,35250176.0,38076416.0,38076416.0,1.94,0.158137648,7.57,323306.0,0.0,0.0,2908.0,1058339.0,0.0,0.0,3327.0,0.0,0.0,0.0,0.0
2023-03-01 02:33:48.845000+00:00,,,38027264.0,38027264.0,1.94,0.158137648,7.57,324273.0,0.0,0.0,2919.0,1063598.0,0.0,0.0,3338.0,0.0,,,
2023-03-01 02:33:54.873000+00:00,204800.0,35250176.0,38162432.0,38162432.0,1.96,0.258720499,7.68,326261.0,0.0,0.0,2942.0,1074190.0,0.0,0.0,3361.0,0.0,0.0,0.0,0.0
2023-03-01 02:33:59.284000+00:00,204800.0,,,,1.96,0.258720499,7.68,,,,,,,,,0.0,,,0.0
2023-03-01 02:34:03.799000+00:00,204800.0,35250176.0,38027264.0,38027264.0,1.97,0.258720499,7.68,327312.0,0.0,0.0,2955.0,1079533.0,0.0,0.0,3374.0,0.0,0.0,0.0,0.0
2023-03-01 02:34:09.629000+00:00,204800.0,35250176.0,38035456.0,38035456.0,1.98,0.259081065,7.76,328279.0,0.0,0.0,2966.0,1084792.0,0.0,0.0,3385.0,0.0,0.0,0.0,0.0
2023-03-01 02:34:13.109000+00:00,204800.0,35250176.0,38035456.0,38035456.0,1.98,0.259081065,7.77,329246.0,0.0,0.0,2977.0,1090051.0,0.0,0.0,3396.0,0.0,0.0,0.0,0.0
2023-03-01 02:34:19.090000+00:00,204800.0,35250176.0,38031360.0,38031360.0,2.0,0.259386069,7.83,330213.0,0.0,0.0,2988.0,1095310.0,0.0,0.0,3407.0,0.0,,0.0,0.0
2023-03-01 02:34:23.679000+00:00,212992.0,35250176.0,38035456.0,38035456.0,2.01,0.259386069,7.84,331234.0,0.0,0.0,3000.0,1100643.0,0.0,0.0,3419.0,0.0,0.0,0.0,0.0
2023-03-01 02:34:29.443000+00:00,,35250176.0,38035456.0,38035456.0,2.04,0.259386069,7.92,332243.0,0.0,0.0,3012.0,1105944.0,0.0,0.0,3431.0,0.0,,,
2023-03-01 02:34:34.114000+00:00,212992.0,35250176.0,38027264.0,38027264.0,2.04,0.259386069,7.93,333210.0,0.0,0.0,3023.0,1111203.0,0.0,0.0,3442.0,0.0,0.0,0.0,0.0
2023-03-01 02:34:38.771000+00:00,212992.0,35250176.0,38072320.0,38072320.0,2.06,,,334177.0,0.0,0.0,3034.0,1116462.0,0.0,0.0,3453.0,,,,0.0
2023-03-01 02:34:44.508000+00:00,212992.0,35250176.0,38027264.0,38027264.0,2.06,0.259386069,7.99,335144.0,0.0,0.0,3045.0,1121721.0,0.0,0.0,3464.0,0.0,0.0,0.0,0.0
2023-03-01 02:34:49.342000+00:00,212992.0,,38027264.0,38027264.0,2.08,0.259386069,8.07,336111.0,0.0,0.0,3056.0,1126980.0,0.0,0.0,3475.0,0.0,,,0.0
2023-03-01 02:34:54.287000+00:00,212992.0,35250176.0,38027264.0,38027264.0,2.08,0.259386069,8.08,337132.0,0.0,0.0,3068.0,1132313.0,0.0,0.0,3487.0,0.0,0.0,0.0,0.0
2023-03-01 02:34:59.373000+00:00,212992.0,,,,2.1,0.259386069,8.14,,,,,,,,,0.0,,,0.0
2023-03-01 02:35:04.033000+00:00,212992.0,35250176.0,38027264.0,38027264.0,2.1,0.259386069,8.15,339150.0,0.0,0.0,3092.0,1142915.0,0.0,0.0,3511.0,0.0,0.0,0.0,0.0
2023-03-01 02:35:08.889000+00:00,,35250176.0,38047744.0,38047744.0,2.12,0.168741653,,340117.0,0.0,0.0,3103.0,1148174.0,0.0,0.0,3522.0,,0.0,0.0,
2023-03-01 02:35:14.818000+00:00,212992.0,35250176.0,38158336.0,38158336.0,2.12,0.259386069,8.21,342051.0,0.0,0.0,3125.0,1158692.0,0.0,0.0,3544.0,0.0,0.0,0.0,0.0
2023-03-01 02:35:19.555000+00:00,212992.0,35250176.0,38047744.0,38047744.0,2.13,0.30278313,8.26,342051.0,0.0,0.0,3125.0,1158692.0,0.0,0.0,3544.0,0.0,,,0.0
2023-03-01 02:35:23.364000+00:00,217088.0,35250176.0,38027264.0,38027264.0,2.14,0.30278313,8.27,343072.0,0.0,0.0,3137.0,1164025.0,0.0,0.0,3556.0,0.0,0.0,0.0,0.0
2023-03-01 02:35:29.475000+00:00,,35250176.0,38076416.0,,2.16,,,,,,,,,,,,0.0,,
2023-03-01 02:35:33.163000+00:00,217088.0,35250176.0,38027264.0,38027264.0,2.16,0.30278313,8.34,345048.0,0.0,0.0,3160.0,1174585.0,0.0,0.0,3579.0,0.0,0.0,0.0,0.0
2023-03-01 02:35:39.025000+00:00,,,38260736.0,38260736.0,2.18,0.325464133,8.4,345949.0,0.0,0.0,3170.0,1179778.0,0.0,0.0,3589.0,0.0,,,
2023-03-01 02:35:43.917000+00:00,217088.0,35250176.0,38092800.0,38092800.0,2.18,0.325464133,8.4,346850.0,0.0,0.0,3180.0,1184971.0,0.0,0.0,3599.0,0.0,0.0,0.0,0.0
2023-03-01 02:35:49.004000+00:00,217088.0,35250176.0,38105088.0,38105088.0,2.21,0.325464133,8.47,347817.0,0.0,0.0,3191.0,1190230.0,0.0,0.0,3610.0,0.0,0.0,0.0,0.0
2023-03-01 02:35:54.667000+00:00,217088.0,35250176.0,38027264.0,38027264.0,2.21,0.325464133,8.48,348838.0,0.0,0.0,3203.0,1195563.0,0.0,0.0,3622.0,0.0,0.0,0.0,0.0
2023-03-01 02:35:59.646000+00:00,217088.0,,,,2.22,0.32735778,8.55,,,,,,,,3635.0,0.0,,0.0,0.0
2023-03-01 02:36:03.452000+00:00,217088.0,35250176.0,38027264.0,38027264.0,2.22,0.32735778,8.55,350856.0,0.0,0.0,3227.0,1206165.0,0.0,0.0,3646.0,0.0,0.0,0.0,0.0
2023-03-01 02:36:08.334000+00:00,217088.0,35250176.0,38027264.0,38027264.0,2.23,0.32735778,8.56,351823.0,0.0,0.0,3238.0,1211424.0,0.0,0.0,3657.0,0.0,,,0.0
2023-03-01 02:36:14.295000+00:00,217088.0,35250176.0,38027264.0,38027264.0,2.26,0.32735778,8.64,352724.0,0.0,0.0,3248.0,1216617.0,0.0,0.0,3667.0,0.0,0.0,0.0,0.0
2023-03-01 02:36:18.578000+00:00,217088.0,,38027264.0,38027264.0,2.26,0.32735778,8.65,353625.0,0.0,0.0,3258.0,1221810.0,0.0,0.0,3677.0,0.0,,,0.0
2023-03-01 02:36:23.854000+00:00,221184.0,35250176.0,38027264.0,38027264.0,2.29,0.32735778,8.7,354646.0,0.0,0.0,3270.0,1227143.0,0.0,0.0,3689.0,0.0,0.0,0.0,0.0
2023-03-01 02:36:28.641000+00:00,221184.0,,,,2.29,0.32735778,8.71,,,,,,,,,0.0,,,0.0
2023-03-01 02:36:34.305000+00:00,221184.0,35250176.0,38125568.0,38125568.0,2.3,0.32735778,8.76,356622.0,0.0,0.0,3293.0,1237703.0,0.0,0.0,3712.0,0.0,0.0,0.0,0.0
2023-03-01 02:36:39.892000+00:00,221184.0,36995072.0,40361984.0,40361984.0,2.31,0.32735778,8.78,358556.0,0.0,0.0,3315.0,1248221.0,0.0,0.0,3734.0,0.0,,0.0,0.0
2023-03-01 02:36:43.581000+00:00,221184.0,35250176.0,38031360.0,38031360.0,2.34,0.32735778,8.8,358556.0,0.0,0.0,3315.0,1248221.0,0.0,0.0,3734.0,0.0,0.0,0.0,0.0
2023-03-01 02:36:49.004000+00:00,221184.0,35250176.0,38027264.0,38027264.0,2.34,0.32735778,8.81,359523.0,0.0,0.0,3326.0,1253480.0,0.0,0.0,3745.0,0.0,,,0.0
2023-03-01 02:36:53.339000+00:00,221184.0,35250176.0,38154240.0,38154240.0,2.35,0.32735778,8.88,360544.0,0.0,0.0,3338.0,1258813.0,0.0,0.0,3757.0,0.0,0.0,0.0,0.0
2023-03-01 02:36:59.448000+00:00,,35250176.0,38158336.0,38158336.0,2.35,0.32735778,8.89,361595.0,0.0,0.0,3351.0,1264156.0,0.0,0.0,3770.0,0.0,,,
2023-03-01 02:37:03.998000+00:00,221184.0,35250176.0,38170624.0,38170624.0,2.38,0.32735778,8.93,362430.0,0.0,0.0,3360.0,1269283.0,0.0,0.0,3779.0,0.0,0.0,0.0,0.0
2023-03-01 02:37:09.588000+00:00,221184.0,,38031360.0,38031360.0,2.38,0.32735778,8.94,363331.0,0.0,0.0,3370.0,1274476.0,0.0,0.0,3789.0,0.0,,,0.0
2023-03-01 02:37:14.608000+00:00,221184.0,35250176.0,38043648.0,38043648.0,2.39,0.32735778,8.99,364298.0,0.0,0.0,3381.0,1279735.0,0.0,0.0,3800.0,0.0,0.0,0.0,0.0
2023-03-01 02:37:18.475000+00:00,221184.0,35250176.0,38027264.0,38027264.0,2.39,0.32735778,8.99,365265.0,0.0,0.0,3392.0,1284928.0,0.0,0.0,3810.0,0.0,0.0,0.0,0.0
2023-03-01 02:37:23.554000+00:00,225280.0,35250176.0,38137856.0,38137856.0,2.41,0.32735778,9.04,366286.0,0.0,0.0,3404.0,1290261.0,0.0,0.0,3822.0,0.0,0.0,0.0,0.0
2023-03-01 02:37:28.998000+00:00,,,,,2.41,0.055686635,,,,,,,,,,,,,
2023-03-01 02:37:33.714000+00:00,225280.0,35250176.0,38051840.0,38051840.0,2.44,0.32787874,9.11,368262.0,0.0,0.0,3427.0,1300821.0,0.0,0.0,3845.0,0.0,0.0,0.0,0.0
2023-03-01 02:37:39.705000+00:00,225280.0,35250176.0,38031360.0,38031360.0,2.44,,,369229.0,0.0,0.0,3438.0,1306080.0,0.0,0.0,3856.0,0.0,,,0.0
2023-03-01 02:37:43.815000+00:00,225280.0,35250176.0,38182912.0,38182912.0,2.46,0.328459432,9.18,370196.0,0.0,0.0,3449.0,1311339.0,0.0,0.0,3867.0,0.0,0.0,0.0,0.0
2023-03-01 02:37:49.605000+00:00,225280.0,35250176.0,38027264.0,38027264.0,2.46,0.328459432,9.19,371163.0,0.0,0.0,3460.0,1316598.0,0.0,0.0,3878.0,0.0,,0.0,0.0
2023-03-01 02:37:54.465000+00:00,225280.0,35250176.0,38060032.0,38060032.0,2.5,0.328459432,9.24,372184.0,0.0,0.0,3472.0,1321931.0,0.0,0.0,3890.0,0.0,0.0,0.0,0.0
2023-03-01 02:37:59.239000+00:00,,35250176.0,38035456.0,38035456.0,2.5,0.328459432,9.25,373235.0,0.0,0.0,3485.0,1327274.0,0.0,0.0,3903.0,0.0,0.0,,
2023-03-01 02:38:04.201000+00:00,225280.0,35250176.0,38027264.0,38027264.0,2.52,0.328459432,9.3,374202.0,0.0,0.0,3496.0,1332533.0,0.0,0.0,3914.0,0.0,0.0,0.0,0.0
2023-03-01 02:38:09.646000+00:00,,35250176.0,38027264.0,38027264.0,2.52,0.328459432,9.31,375169.0,0.0,0.0,3507.0,1337792.0,0.0,0.0,3925.0,0.0,,,
2023-03-01 02:38:14.296000+00:00,225280.0,35250176.0,38047744.0,38047744.0,2.54,0.328459432,9.35,375872.0,0.0,0.0,3514.0,1342787.0,0.0,0.0,3932.0,0.0,0.0,0.0,0.0
2023-03-01 02:38:19.565000+00:00,225280.0,,38031360.0,38031360.0,2.54,0.328459432,9.36,376839.0,0.0,0.0,3525.0,1348046.0,0.0,0.0,3943.0,0.0,,,0.0
2023-03-01 02:38:24.052000+00:00,229376.0,35250176.0,38301696.0,38301696.0,2.56,0.328459432,9.43,377860.0,0.0,0.0,3537.0,1353379.0,0.0,0.0,3955.0,0.0,0.0,0.0,0.0
2023-03-01 02:38:28.462000+00:00,229376.0,35250176.0,38047744.0,,2.56,0.328459432,9.43,,,,,,,,,0.0,0.0,0.0,0.0
2023-03-01 02:38:33.292000+00:00,229376.0,35250176.0,38027264.0,38027264.0,2.56,0.328459432,9.44,379943.0,0.0,0.0,3561.0,1363939.0,0.0,0.0,3978.0,0.0,0.0,0.0,0.0
2023-03-01 02:38:39.654000+00:00,,35250176.0,38055936.0,38055936.0,2.57,0.328459432,9.48,380910.0,0.0,0.0,3572.0,1369198.0,0.0,0.0,3989.0,0.0,,,
2023-03-01 02:38:44.751000+00:00,229376.0,35250176.0,38088704.0,38088704.0,2.6,0.328459432,9.56,382844.0,0.0,0.0,3594.0,1379716.0,0.0,0.0,4011.0,0.0,0.0,0.0,0.0
2023-03-01 02:38:49.375000+00:00,,35250176.0,38031360.0,38031360.0,2.6,,,382844.0,0.0,0.0,3594.0,1379716.0,0.0,0.0,4011.0,,,,
2023-03-01 02:38:54.269000+00:00,229376.0,35250176.0,38027264.0,38027264.0,2.61,0.328459432,9.57,383865.0,0.0,0.0,3606.0,1385049.0,0.0,0.0,4023.0,0.0,0.0,0.0,0.0
2023-03-01 02:38:59.238000+00:00,229376.0,,,,2.63,0.328459432,9.64,,,,,,,,,0.0,,0.0,0.0
2023-03-01 02:39:04.896000+00:00,229376.0,36376576.0,39440384.0,39440384.0,2.64,0.328459432,9.66,386850.0,0.0,0.0,3641.0,1400910.0,0.0,0.0,4058.0,0.0,0.0,0.0,0.0
2023-03-01 02:39:09.194000+00:00,,,38027264.0,38027264.0,2.65,0.328459432,9.71,386850.0,0.0,0.0,3641.0,1400910.0,0.0,0.0,4058.0,0.0,,,
2023-03-01 02:39:14.524000+00:00,229376.0,35250176.0,38027264.0,38027264.0,2.65,0.328459432,9.72,387553.0,0.0,0.0,3648.0,1405905.0,0.0,0.0,4065.0,0.0,0.0,0.0,0.0
2023-03-01 02:39:19.457000+00:00,229376.0,35250176.0,38035456.0,38035456.0,2.67,0.328459432,9.77,388520.0,0.0,0.0,3659.0,1411164.0,0.0,0.0,4076.0,0.0,0.0,0.0,0.0
2023-03-01 02:39:24.005000+00:00,237568.0,35250176.0,38027264.0,38027264.0,2.67,0.328459432,9.79,389541.0,0.0,0.0,3671.0,1416497.0,0.0,0.0,4088.0,0.0,0.0,0.0,0.0
2023-03-01 02:39:28.578000+00:00,237568.0,,,,2.69,0.035180616,,,,,,,,,,,,0.0,0.0
2023-03-01 02:39:33.961000+00:00,237568.0,35250176.0,38027264.0,38027264.0,2.69,0.328459432,9.84,391517.0,0.0,0.0,3694.0,1427057.0,0.0,0.0,4111.0,0.0,0.0,0.0,0.0
2023-03-01 02:39:39.077000+00:00,237568.0,,38031360.0,38031360.0,2.7,,,392484.0,0.0,0.0,3705.0,1432316.0,0.0,0.0,4122.0,,,,0.0
2023-03-01 02:39:43.497000+00:00,237568.0,35250176.0,38027264.0,38027264.0,2.7,0.328459432,9.92,393451.0,0.0,0.0,3716.0,1437575.0,0.0,0.0,4133.0,0.0,0.0,0.0,0.0
2023-03-01 02:39:49.699000+00:00,237568.0,35250176.0,38297600.0,38297600.0,2.72,0.328459432,9.96,394418.0,0.0,0.0,3727.0,1442834.0,0.0,0.0,4144.0,0.0,,0.0,0.0
2023-03-01 02:39:54.409000+00:00,237568.0,35254272.0,38162432.0,38162432.0,2.72,0.328459432,9.97,395439.0,0.0,0.0,3739.0,1448167.0,0.0,0.0,4156.0,0.0,0.0,0.0,0.0
2023-03-01 02:39:59.434000+00:00,,35254272.0,38092800.0,38092800.0,2.73,0.328546867,10.05,396490.0,0.0,0.0,3752.0,1453510.0,0.0,,,0.0,0.0,,
2023-03-01 02:40:03.738000+00:00,237568.0,35254272.0,38031360.0,38031360.0,2.73,0.329022393,10.06,397457.0,0.0,0.0,3763.0,1458769.0,0.0,0.0,4180.0,0.0,0.0,0.0,0.0
2023-03-01 02:40:09.047000+00:00,,35254272.0,38182912.0,38182912.0,2.74,,,398424.0,0.0,0.0,3774.0,1464028.0,0.0,0.0,4191.0,,,,
2023-03-01 02:40:14.453000+00:00,237568.0,35254272.0,38039552.0,38039552.0,2.74,0.329412928,10.13,399391.0,0.0,0.0,3785.0,1469287.0,0.0,0.0,4202.0,0.0,0.0,0.0,0.0
2023-03-01 02:40:19.251000+00:00,,,38088704.0,38088704.0,2.76,,10.18,400358.0,0.0,0.0,3796.0,1474546.0,0.0,0.0,4213.0,0.0,,,
2023-03-01 02:40:24.789000+00:00,241664.0,35254272.0,38031360.0,38031360.0,2.76,0.329412928,10.2,402016.0,0.0,0.0,3814.0,1484808.0,0.0,0.0,4231.0,0.0,0.0,0.0,0.0
2023-03-01 02:40:28.313000+00:00,241664.0,35254272.0,,,2.77,0.329412928,10.24,,,,,,,,,0.0,0.0,0.0,0.0
2023-03-01 02:40:34.280000+00:00,241664.0,35254272.0,38031360.0,38031360.0,2.77,0.329412928,10.24,403025.0,0.0,0.0,3826.0,1490109.0,0.0,0.0,4243.0,0.0,0.0,0.0,0.0
2023-03-01 02:40:39.708000+00:00,241664.0,35254272.0,38080512.0,38080512.0,2.79,0.329783741,10.32,403992.0,0.0,0.0,3837.0,1495368.0,0.0,0.0,4254.0,0.0,,0.0,0.0
2023-03-01 02:40:44.513000+00:00,241664.0,35254272.0,38043648.0,38043648.0,2.79,0.330107753,10.32,404959.0,0.0,0.0,3848.0,1500627.0,0.0,0.0,4265.0,0.0,0.0,0.0,0.0
2023-03-01 02:40:48.724000+00:00,,,38260736.0,38260736.0,2.81,0.330107753,10.39,405926.0,0.0,0.0,3859.0,1505886.0,0.0,0.0,4276.0,0.0,,,
2023-03-01 02:40:54.889000+00:00,241664.0,35254272.0,38031360.0,38031360.0,2.81,0.330107753,10.41,407848.0,0.0,0.0,3881.0,1516412.0,0.0,0.0,4298.0,0.0,0.0,0.0,0.0
2023-03-01 02:40:59.260000+00:00,241664.0,,,,2.82,0.330107753,10.46,,,,,,,,,0.0,,,0.0
2023-03-01 02:41:04.302000+00:00,241664.0,35254272.0,38031360.0,38031360.0,2.82,0.330107753,10.46,408899.0,0.0,0.0,3894.0,1521755.0,0.0,0.0,4311.0,0.0,0.0,0.0,0.0
2023-03-01 02:41:09.147000+00:00,,35254272.0,38637568.0,38637568.0,2.83,0.330107753,10.52,409866.0,0.0,0.0,3905.0,1527014.0,0.0,0.0,4322.0,0.0,,,
2023-03-01 02:41:13.700000+00:00,241664.0,35254272.0,38035456.0,38035456.0,2.84,0.330107753,10.52,410833.0,0.0,0.0,3916.0,1532273.0,0.0,0.0,4333.0,0.0,0.0,0.0,0.0
2023-03-01 02:41:19.291000+00:00,,,,38031360.0,2.84,0.330107753,10.53,411800.0,0.0,0.0,3927.0,1537532.0,0.0,0.0,4344.0,0.0,,,
2023-03-01 02:41:23.987000+00:00,245760.0,35254272.0,38031360.0,38031360.0,2.86,0.330107753,10.57,412821.0,0.0,0.0,3939.0,1542865.0,0.0,0.0,4356.0,0.0,0.0,0.0,0.0
2023-03-01 02:41:28.395000+00:00,245760.0,,,,2.86,0.330107753,10.57,,,,,,,,,0.0,,,0.0
2023-03-01 02:41:34.263000+00:00,245760.0,35254272.0,38031360.0,38031360.0,2.89,0.330107753,10.62,414797.0,0.0,0.0,3962.0,1553425.0,0.0,0.0,4379.0,0.0,0.0,0.0,0.0
2023-03-01 02:41:39.893000+00:00,245760.0,35254272.0,38162432.0,38162432.0,2.89,0.330107753,10.63,416665.0,0.0,0.0,3983.0,1563877.0,0.0,0.0,4400.0,0.0,,0.0,0.0
2023-03-01 02:41:44.597000+00:00,245760.0,35254272.0,38043648.0,38043648.0,2.91,0.330107753,10.7,416665.0,0.0,0.0,3983.0,1563877.0,0.0,0.0,4400.0,0.0,0.0,0.0,0.0
2023-03-01 02:41:49.603000+00:00,245760.0,35254272.0,38031360.0,38031360.0,2.91,0.330107753,10.7,417632.0,0.0,0.0,3994.0,1569136.0,0.0,0.0,4411.0,0.0,0.0,0.0,0.0
2023-03-01 02:41:54.780000+00:00,245760.0,35258368.0,38035456.0,38035456.0,2.94,0.330107753,10.79,419620.0,0.0,0.0,4017.0,1579728.0,0.0,0.0,4434.0,0.0,0.0,0.0,0.0
2023-03-01 02:41:59.048000+00:00,245760.0,,,,2.94,0.330107753,10.79,,,,,,,,,0.0,,0.0,0.0
2023-03-01 02:42:03.705000+00:00,245760.0,35258368.0,38035456.0,38035456.0,2.96,0.330107753,10.86,420671.0,0.0,0.0,4030.0,1585071.0,0.0,0.0,4447.0,0.0,0.0,0.0,0.0
2023-03-01 02:42:08.673000+00:00,245760.0,,38035456.0,38035456.0,2.96,0.330107753,10.86,421638.0,0.0,0.0,4041.0,1590330.0,0.0,0.0,4458.0,0.0,,0.0,0.0
2023-03-01 02:42:13.650000+00:00,245760.0,35258368.0,38039552.0,38039552.0,2.98,0.330450203,10.92,422675.0,0.0,0.0,4053.0,1595589.0,0.0,0.0,4469.0,0.0,0.0,0.0,0.0
2023-03-01 02:42:18.094000+00:00,,35258368.0,38035456.0,38035456.0,2.98,0.330450203,10.92,423642.0,0.0,0.0,4064.0,1600848.0,0.0,0.0,4480.0,0.0,,,
2023-03-01 02:42:24.861000+00:00,249856.0,35258368.0,38035456.0,38035456.0,3.02,0.33078885,10.99,425630.0,0.0,0.0,4087.0,1611440.0,0.0,0.0,4503.0,0.0,0.0,0.0,0.0
2023-03-01 02:42:28.519000+00:00,249856.0,35258368.0,38035456.0,38035456.0,3.02,0.331047211,10.99,425630.0,0.0,0.0,4087.0,,,,,0.0,0.0,0.0,0.0
2023-03-01 02:42:33.625000+00:00,249856.0,35258368.0,38150144.0,38150144.0,3.04,0.331639422,11.05,426597.0,0.0,0.0,4098.0,1616699.0,0.0,0.0,4514.0,0.0,0.0,0.0,0.0
2023-03-01 02:42:39.180000+00:00,249856.0,,38035456.0,38035456.0,3.04,,11.05,427564.0,0.0,0.0,4109.0,1621958.0,0.0,0.0,4525.0,0.0,,,
2023-03-01 02:42:43.790000+00:00,249856.0,35258368.0,38076416.0,38076416.0,3.06,0.332346741,11.1,428531.0,0.0,0.0,4120.0,1627217.0,0.0,0.0,4536.0,0.0,0.0,0.0,0.0
2023-03-01 02:42:49.021000+00:00,249856.0,35258368.0,38035456.0,38035456.0,3.06,0.332346741,11.1,429498.0,0.0,0.0,4131.0,1632476.0,0.0,0.0,4547.0,0.0,,0.0,0.0
2023-03-01 02:42:53.802000+00:00,249856.0,35262464.0,38051840.0,38051840.0,3.08,0.332346741,11.19,430519.0,0.0,0.0,4143.0,1637809.0,0.0,0.0,4559.0,0.0,0.0,0.0,0.0
2023-03-01 02:42:59.527000+00:00,,,,,3.08,0.268431415,,,,,,,,,,,0.0,0.0,
2023-03-01 02:43:03.657000+00:00,249856.0,35262464.0,38113280.0,38113280.0,3.12,0.332938022,11.24,432471.0,0.0,0.0,4166.0,1648345.0,0.0,0.0,4582.0,0.0,0.0,0.0,0.0
2023-03-01 02:43:09.367000+00:00,249856.0,35262464.0,38039552.0,38039552.0,3.12,0.333448709,11.24,433438.0,0.0,0.0,4177.0,1653604.0,0.0,0.0,4593.0,0.0,,,0.0
2023-03-01 02:43:14.602000+00:00,249856.0,35262464.0,38096896.0,38096896.0,3.13,0.333707538,11.31,434405.0,0.0,0.0,4188.0,1658863.0,0.0,0.0,4604.0,0.0,0.0,0.0,0.0
2023-03-01 02:43:19.074000+00:00,249856.0,35262464.0,38039552.0,38039552.0,3.13,0.333707538,,435372.0,0.0,0.0,4199.0,1664122.0,0.0,0.0,4615.0,,,,0.0
2023-03-01 02:43:24.049000+00:00,253952.0,35262464.0,38051840.0,38051840.0,3.13,0.333707538,11.32,436327.0,0.0,0.0,4210.0,1669389.0,0.0,0.0,4626.0,0.0,0.0,0.0,0.0
2023-03-01 02:43:28.264000+00:00,253952.0,35262464.0,,,3.14,0.333707538,11.39,,,,,,,,4637.0,0.0,0.0,0.0,0.0
2023-03-01 02:43:34.117000+00:00,253952.0,35262464.0,38039552.0,38039552.0,3.14,0.334192879,11.39,438303.0,0.0,0.0,4233.0,1679883.0,0.0,0.0,4648.0,0.0,0.0,0.0,0.0
2023-03-01 02:43:39.843000+00:00,253952.0,,,38170624.0,3.15,,,440237.0,0.0,0.0,4255.0,1690401.0,0.0,0.0,4670.0,,,0.0,0.0
2023-03-01 02:43:44.267000+00:00,253952.0,35262464.0,38039552.0,38039552.0,3.15,0.335549869,11.46,440237.0,0.0,0.0,4255.0,1690401.0,0.0,0.0,4670.0,0.0,0.0,0.0,0.0
2023-03-01 02:43:48.943000+00:00,,,38055936.0,38055936.0,3.19,,,441204.0,0.0,0.0,4266.0,1695660.0,0.0,0.0,4681.0,,,,
2023-03-01 02:43:53.566000+00:00,253952.0,35262464.0,38039552.0,38039552.0,3.19,0.335549869,11.53,442225.0,0.0,0.0,4278.0,1700993.0,0.0,0.0,4693.0,0.0,0.0,0.0,0.0
2023-03-01 02:43:59.846000+00:00,253952.0,,,,3.22,0.335549869,11.58,,,,,,,,,0.0,,,0.0
2023-03-01 02:44:04.406000+00:00,253952.0,35262464.0,38039552.0,38039552.0,3.22,0.335549869,11.58,444177.0,0.0,0.0,4301.0,1711529.0,0.0,0.0,4716.0,0.0,0.0,0.0,0.0
2023-03-01 02:44:08.925000+00:00,253952.0,35262464.0,38043648.0,38043648.0,3.25,,,445144.0,0.0,0.0,4312.0,1716788.0,0.0,0.0,4727.0,,,0.0,0.0
2023-03-01 02:44:14.114000+00:00,253952.0,35262464.0,38039552.0,38039552.0,3.25,0.335549869,11.62,445979.0,0.0,0.0,4321.0,1721915.0,0.0,0.0,4736.0,0.0,0.0,0.0,0.0
2023-03-01 02:44:19.530000+00:00,,35262464.0,38039552.0,38039552.0,3.26,,,446946.0,0.0,0.0,4332.0,1727174.0,0.0,0.0,4747.0,,0.0,0.0,
2023-03-01 02:44:24.045000+00:00,262144.0,35266560.0,38043648.0,38043648.0,3.26,0.335549869,11.69,447967.0,0.0,0.0,4344.0,1732507.0,0.0,0.0,4759.0,0.0,0.0,0.0,0.0
2023-03-01 02:44:28.528000+00:00,,35266560.0,38055936.0,38055936.0,3.28,0.335549869,11.76,448976.0,0.0,0.0,4356.0,1737808.0,0.0,0.0,4771.0,0.0,0.0,,
2023-03-01 02:44:33.900000+00:00,262144.0,35266560.0,38043648.0,38043648.0,3.28,0.335549869,11.76,449943.0,0.0,0.0,4367.0,1743067.0,0.0,0.0,4782.0,0.0,0.0,0.0,0.0
2023-03-01 02:44:38.569000+00:00,262144.0,35266560.0,38051840.0,38051840.0,3.28,0.097383185,,450910.0,0.0,0.0,4378.0,1748326.0,0.0,0.0,4793.0,0.0,,,0.0
2023-03-01 02:44:44.725000+00:00,262144.0,35266560.0,38043648.0,38043648.0,3.28,0.335549869,11.84,451877.0,0.0,0.0,4389.0,1753585.0,0.0,0.0,4804.0,0.0,0.0,0.0,0.0
2023-03-01 02:44:48.880000+00:00,262144.0,,38043648.0,38043648.0,3.3,0.335549869,11.9,452844.0,0.0,0.0,4400.0,1758844.0,0.0,0.0,4815.0,0.0,,0.0,0.0
2023-03-01 02:44:54.421000+00:00,262144.0,35270656.0,38047744.0,38047744.0,3.3,0.335549869,11.91,453865.0,0.0,0.0,4412.0,1764177.0,0.0,0.0,4827.0,0.0,0.0,0.0,0.0
2023-03-01 02:44:59.251000+00:00,,,,,3.32,,,,,,,,,,,,,,
2023-03-01 02:45:03.586000+00:00,262144.0,35270656.0,38047744.0,38047744.0,3.32,0.335549869,11.98,455817.0,0.0,0.0,4435.0,1774713.0,0.0,0.0,4850.0,0.0,0.0,0.0,0.0
2023-03-01 02:45:09.439000+00:00,262144.0,35270656.0,38084608.0,38084608.0,3.34,0.258373622,,456784.0,0.0,0.0,4446.0,1779972.0,0.0,0.0,4861.0,0.0,,,0.0
2023-03-01 02:45:14.403000+00:00,262144.0,35270656.0,38047744.0,38047744.0,3.34,0.335879036,12.04,457751.0,0.0,0.0,4457.0,1785231.0,0.0,0.0,4872.0,0.0,0.0,0.0,0.0
2023-03-01 02:45:19.286000+00:00,262144.0,,38068224.0,38068224.0,3.36,0.335879036,12.09,458718.0,0.0,0.0,4468.0,1790490.0,0.0,0.0,4883.0,0.0,,,0.0
2023-03-01 02:45:24.885000+00:00,266240.0,35270656.0,38178816.0,38178816.0,3.36,0.335879036,12.1,460706.0,0.0,0.0,4491.0,1801082.0,0.0,0.0,4906.0,0.0,0.0,0.0,0.0
2023-03-01 02:45:29.352000+00:00,266240.0,35270656.0,38047744.0,,3.38,0.335879036,12.16,,,,,,,,,0.0,0.0,0.0,0.0
2023-03-01 02:45:33.971000+00:00,266240.0,35270656.0,38047744.0,38047744.0,3.38,0.335879036,12.16,461715.0,0.0,0.0,4503.0,1806383.0,0.0,0.0,4918.0,0.0,0.0,0.0,0.0
2023-03-01 02:45:39.153000+00:00,266240.0,,38227968.0,38227968.0,3.41,0.335879036,12.22,462682.0,0.0,0.0,4514.0,1811642.0,0.0,0.0,4929.0,0.0,,0.0,0.0
2023-03-01 02:45:44.260000+00:00,266240.0,35270656.0,38088704.0,38088704.0,3.41,0.335879036,12.23,463649.0,0.0,0.0,4525.0,1816901.0,0.0,0.0,4940.0,0.0,0.0,0.0,0.0
2023-03-01 02:45:49.904000+00:00,,35270656.0,38060032.0,38060032.0,3.42,,,465583.0,0.0,0.0,4547.0,1827419.0,0.0,0.0,4962.0,,,,
2023-03-01 02:45:53.268000+00:00,266240.0,35274752.0,38051840.0,38051840.0,3.43,0.335879036,12.3,465637.0,0.0,0.0,4548.0,1827493.0,0.0,0.0,4963.0,0.0,0.0,0.0,0.0
2023-03-01 02:45:59.689000+00:00,266240.0,,,,3.46,0.335879036,12.36,,,,,,,,,0.0,,0.0,0.0
2023-03-01 02:46:03.449000+00:00,266240.0,35274752.0,38060032.0,38060032.0,3.46,0.335879036,12.36,467589.0,0.0,0.0,4571.0,1838029.0,0.0,0.0,4986.0,0.0,0.0,0.0,0.0
2023-03-01 02:46:08.300000+00:00,266240.0,35274752.0,38051840.0,38051840.0,3.46,0.335879036,12.36,468556.0,0.0,0.0,4582.0,1843288.0,0.0,0.0,4997.0,0.0,0.0,0.0,0.0
2023-03-01 02:46:14.003000+00:00,266240.0,35274752.0,38064128.0,38064128.0,3.47,0.335879036,12.42,469457.0,0.0,0.0,4592.0,1848481.0,0.0,0.0,5007.0,0.0,0.0,0.0,0.0
2023-03-01 02:46:19.880000+00:00,,35274752.0,38060032.0,38060032.0,3.47,0.336129046,12.42,471325.0,0.0,0.0,4613.0,1858933.0,0.0,0.0,5028.0,0.0,,,
2023-03-01 02:46:24.797000+00:00,270336.0,35274752.0,38182912.0,38182912.0,3.49,0.336129046,12.5,472280.0,0.0,0.0,4624.0,1864200.0,0.0,0.0,5039.0,0.0,0.0,0.0,0.0
2023-03-01 02:46:29.051000+00:00,270336.0,35274752.0,38051840.0,,3.49,0.336129046,12.5,,,,,,,,,0.0,0.0,0.0,0.0
2023-03-01 02:46:34.375000+00:00,270336.0,35274752.0,38051840.0,38051840.0,3.53,0.336129046,12.56,473289.0,0.0,0.0,4636.0,1869501.0,0.0,0.0,5051.0,0.0,0.0,0.0,0.0
2023-03-01 02:46:38.049000+00:00,270336.0,,38051840.0,38051840.0,3.53,0.336129046,12.56,474256.0,0.0,0.0,4647.0,1874760.0,0.0,0.0,5062.0,0.0,,,0.0
2023-03-01 02:46:43.373000+00:00,270336.0,35274752.0,38051840.0,38051840.0,3.55,0.336129046,12.62,475223.0,0.0,0.0,4658.0,1880019.0,0.0,0.0,5073.0,0.0,0.0,0.0,0.0
2023-03-01 02:46:49.291000+00:00,,35274752.0,38051840.0,38051840.0,3.55,0.336129046,12.63,476190.0,0.0,0.0,4669.0,1885278.0,0.0,0.0,5084.0,0.0,,,
2023-03-01 02:46:53.548000+00:00,270336.0,35274752.0,38178816.0,38178816.0,3.57,0.336129046,12.69,477211.0,0.0,0.0,4681.0,1890611.0,0.0,0.0,5096.0,0.0,0.0,0.0,0.0
2023-03-01 02:46:59.237000+00:00,270336.0,,,,3.57,0.336129046,12.7,,,,,,,,,0.0,,0.0,0.0
2023-03-01 02:47:03.675000+00:00,270336.0,35274752.0,38191104.0,38191104.0,3.58,0.336129046,12.76,479229.0,0.0,0.0,4705.0,1901213.0,0.0,0.0,5120.0,0.0,0.0,0.0,0.0
2023-03-01 02:47:09.047000+00:00,270336.0,,38055936.0,38055936.0,3.58,0.336129046,12.76,480196.0,0.0,0.0,4716.0,1906472.0,0.0,0.0,5131.0,0.0,,,0.0
2023-03-01 02:47:14.283000+00:00,270336.0,35274752.0,38060032.0,38060032.0,3.6,0.336129046,12.84,481163.0,0.0,0.0,4727.0,1911731.0,0.0,0.0,5142.0,0.0,0.0,0.0,0.0
2023-03-01 02:47:19.249000+00:00,270336.0,35274752.0,38051840.0,38051840.0,3.6,0.336129046,12.84,482130.0,0.0,0.0,4738.0,1916990.0,0.0,0.0,5153.0,0.0,,0.0,0.0
2023-03-01 02:47:24.758000+00:00,274432.0,35274752.0,38326272.0,38326272.0,3.62,0.33627744,12.91,484118.0,0.0,0.0,4761.0,1927582.0,0.0,0.0,5176.0,0.0,0.0,0.0,0.0
2023-03-01 02:47:29.625000+00:00,274432.0,,,,3.62,0.336524648,12.91,,,,,,,,,0.0,,0.0,0.0
2023-03-01 02:47:34.588000+00:00,274432.0,35274752.0,38064128.0,38064128.0,3.64,0.336524648,12.97,485085.0,0.0,0.0,4772.0,1932841.0,0.0,0.0,5187.0,0.0,0.0,0.0,0.0
2023-03-01 02:47:38.890000+00:00,,,38055936.0,38055936.0,3.64,,,486052.0,0.0,0.0,4783.0,1938100.0,0.0,0.0,5198.0,,,,
2023-03-01 02:47:43.608000+00:00,274432.0,35274752.0,38191104.0,38191104.0,3.66,0.337173264,13.04,487019.0,0.0,0.0,4794.0,1943359.0,0.0,0.0,5209.0,0.0,0.0,0.0,0.0
2023-03-01 02:47:49.403000+00:00,,35274752.0,38141952.0,38141952.0,3.66,0.090009123,,487986.0,0.0,0.0,4805.0,1948618.0,0.0,0.0,5220.0,,,,
2023-03-01 02:47:54.456000+00:00,274432.0,35274752.0,38051840.0,38051840.0,3.68,0.337173264,13.12,489007.0,0.0,0.0,4817.0,1953951.0,0.0,0.0,5232.0,0.0,0.0,0.0,0.0
2023-03-01 02:47:59.263000+00:00,274432.0,,,,3.68,0.178403593,,,,,,,,,,0.0,,,0.0
2023-03-01 02:48:03.510000+00:00,274432.0,35274752.0,38051840.0,38051840.0,3.68,0.337173264,13.13,491025.0,0.0,0.0,4841.0,1964553.0,0.0,0.0,5256.0,0.0,0.0,0.0,0.0
2023-03-01 02:48:09.629000+00:00,,,38055936.0,38055936.0,3.72,0.337173264,13.18,491992.0,0.0,0.0,4852.0,1969812.0,0.0,0.0,5267.0,0.0,,,
2023-03-01 02:48:14.293000+00:00,274432.0,35274752.0,38064128.0,38064128.0,3.72,0.337173264,13.26,492959.0,0.0,0.0,4863.0,1975071.0,0.0,0.0,5278.0,0.0,0.0,0.0,0.0
2023-03-01 02:48:19.207000+00:00,274432.0,35274752.0,38051840.0,38051840.0,3.72,0.337173264,13.26,493926.0,0.0,0.0,4874.0,1980330.0,0.0,0.0,5289.0,0.0,,0.0,0.0
2023-03-01 02:48:24.676000+00:00,278528.0,35274752.0,38051840.0,38051840.0,3.74,0.337173264,13.35,494947.0,0.0,0.0,4886.0,1985663.0,0.0,0.0,5301.0,0.0,0.0,0.0,0.0
2023-03-01 02:48:29.084000+00:00,278528.0,35274752.0,38051840.0,38051840.0,3.74,0.337173264,13.35,495914.0,0.0,0.0,4897.0,1990922.0,0.0,0.0,5312.0,0.0,,,0.0
2023-03-01 02:48:33.969000+00:00,278528.0,35274752.0,38051840.0,38051840.0,3.74,0.337173264,13.36,496881.0,0.0,0.0,4908.0,1996181.0,0.0,0.0,5323.0,0.0,0.0,0.0,0.0
2023-03-01 02:48:39.439000+00:00,,35274752.0,38051840.0,38051840.0,3.76,0.337173264,13.41,497848.0,0.0,0.0,4919.0,2001440.0,0.0,0.0,5334.0,0.0,,,
2023-03-01 02:48:44.416000+00:00,278528.0,35274752.0,38051840.0,38051840.0,3.76,0.337173264,13.42,498815.0,0.0,0.0,4930.0,2006699.0,0.0,0.0,5345.0,0.0,0.0,0.0,0.0
2023-03-01 02:48:48.532000+00:00,278528.0,,38068224.0,38068224.0,3.78,,,499782.0,0.0,0.0,4941.0,2011958.0,0.0,0.0,5356.0,,,0.0,0.0
2023-03-01 02:48:54.154000+00:00,278528.0,35274752.0,38051840.0,38051840.0,3.79,0.337173264,13.5,500803.0,0.0,0.0,4953.0,2017291.0,0.0,0.0,5368.0,0.0,0.0,0.0,0.0
2023-03-01 02:48:59.516000+00:00,278528.0,35274752.0,,,3.8,0.337248429,13.58,,,,,,,0.0,5381.0,0.0,0.0,0.0,0.0
2023-03-01 02:49:03.881000+00:00,278528.0,35274752.0,38051840.0,38051840.0,3.8,0.337248429,13.58,502821.0,0.0,0.0,4977.0,2027893.0,0.0,0.0,5392.0,0.0,0.0,0.0,0.0
2023-03-01 02:49:08.746000+00:00,278528.0,35274752.0,38072320.0,38072320.0,3.82,,,503788.0,0.0,0.0,4988.0,2033152.0,0.0,0.0,5403.0,0.0,,,0.0
2023-03-01 02:49:14.884000+00:00,278528.0,35274752.0,38051840.0,38051840.0,3.82,0.337248429,13.65,505722.0,0.0,0.0,5010.0,2043670.0,0.0,0.0,5425.0,0.0,0.0,0.0,0.0
2023-03-01 02:49:18.723000+00:00,,,38060032.0,38060032.0,3.84,,13.71,505722.0,0.0,0.0,5010.0,2043670.0,0.0,0.0,5425.0,0.0,,,
2023-03-01 02:49:24.800000+00:00,286720.0,35274752.0,38178816.0,38178816.0,3.84,0.337248429,13.73,507710.0,0.0,0.0,5033.0,2054262.0,0.0,0.0,5448.0,0.0,0.0,0.0,0.0
2023-03-01 02:49:29.852000+00:00,,35274752.0,,,3.86,0.337248429,13.78,,,,,,,,,0.0,0.0,0.0,
2023-03-01 02:49:34.716000+00:00,286720.0,35274752.0,38051840.0,38051840.0,3.86,0.337248429,13.78,508677.0,0.0,0.0,5044.0,2059521.0,0.0,0.0,5459.0,0.0,0.0,0.0,0.0
2023-03-01 02:49:38.177000+00:00,286720.0,35274752.0,38121472.0,38121472.0,3.87,,,509644.0,0.0,0.0,5055.0,2064780.0,0.0,0.0,5470.0,0.0,,,0.0
2023-03-01 02:49:44.194000+00:00,286720.0,35274752.0,38051840.0,38051840.0,3.87,0.337248429,13.84,510611.0,0.0,0.0,5066.0,2070039.0,0.0,0.0,5481.0,0.0,0.0,0.0,0.0
2023-03-01 02:49:48.905000+00:00,,,38051840.0,38051840.0,3.88,,13.92,511578.0,0.0,0.0,5077.0,2075298.0,0.0,0.0,5492.0,0.0,,,
2023-03-01 02:49:53.504000+00:00,286720.0,35278848.0,38055936.0,38055936.0,3.88,0.337248429,13.94,512599.0,0.0,0.0,5089.0,2080631.0,0.0,0.0,5504.0,0.0,0.0,0.0,0.0
2023-03-01 02:49:59.059000+00:00,,,,,3.91,0.337248429,14.01,,,,,,,,,0.0,,,
2023-03-01 02:50:03.777000+00:00,286720.0,35278848.0,38055936.0,38055936.0,3.91,0.337248429,14.01,514551.0,0.0,0.0,5112.0,2091167.0,0.0,0.0,5527.0,0.0,0.0,0.0,0.0
2023-03-01 02:50:08.435000+00:00,,35278848.0,38133760.0,38133760.0,3.93,,,515518.0,0.0,0.0,5123.0,2096426.0,0.0,0.0,5538.0,,0.0,,
2023-03-01 02:50:14.552000+00:00,286720.0,35278848.0,38055936.0,38055936.0,3.93,0.337248429,14.08,516485.0,0.0,0.0,5134.0,2101685.0,0.0,0.0,5549.0,0.0,0.0,0.0,0.0
2023-03-01 02:50:18.307000+00:00,286720.0,,38055936.0,38055936.0,3.93,0.337248429,14.08,517452.0,0.0,0.0,5145.0,2106944.0,0.0,0.0,5560.0,0.0,,,0.0
2023-03-01 02:50:23.416000+00:00,290816.0,35282944.0,38060032.0,38060032.0,3.95,0.337248429,14.15,518407.0,0.0,0.0,5156.0,2112211.0,0.0,0.0,5571.0,0.0,0.0,0.0,0.0
2023-03-01 02:50:29.557000+00:00,,,,,3.98,0.337248429,14.22,,,,,,,,,0.0,,,
2023-03-01 02:50:34.851000+00:00,290816.0,35282944.0,38191104.0,38191104.0,3.98,0.337248429,14.22,521176.0,0.0,0.0,5187.0,2127856.0,0.0,0.0,5602.0,0.0,0.0,0.0,0.0
2023-03-01 02:50:38.985000+00:00,290816.0,35282944.0,38060032.0,38060032.0,3.98,0.337248429,14.22,521176.0,0.0,0.0,5187.0,2127856.0,0.0,0.0,5602.0,0.0,,0.0,0.0
2023-03-01 02:50:44.426000+00:00,290816.0,35282944.0,38060032.0,38060032.0,4.0,0.337248429,14.28,522143.0,0.0,0.0,5198.0,2133115.0,0.0,0.0,5613.0,0.0,0.0,0.0,0.0
2023-03-01 02:50:49.327000+00:00,290816.0,,38060032.0,38060032.0,4.0,0.337248429,14.28,523110.0,0.0,0.0,5209.0,2138374.0,0.0,0.0,5624.0,0.0,,,0.0
2023-03-01 02:50:53.824000+00:00,290816.0,35282944.0,38068224.0,38068224.0,4.03,0.337248429,14.35,524131.0,0.0,0.0,5221.0,2143707.0,0.0,0.0,5636.0,0.0,0.0,0.0,0.0
2023-03-01 02:50:59.073000+00:00,290816.0,35282944.0,38060032.0,38060032.0,4.03,0.337248429,14.35,525182.0,0.0,0.0,5234.0,2149050.0,0.0,0.0,5649.0,0.0,0.0,,0.0
2023-03-01 02:51:04.079000+00:00,290816.0,35282944.0,38060032.0,38060032.0,4.07,0.337248429,14.41,526149.0,0.0,0.0,5245.0,2154309.0,0.0,0.0,5660.0,0.0,0.0,0.0,0.0
2023-03-01 02:51:09.189000+00:00,,35282944.0,38060032.0,38060032.0,4.07,0.337248429,,527116.0,0.0,0.0,5256.0,2159568.0,0.0,0.0,5671.0,,,,
2023-03-01 02:51:14.565000+00:00,290816.0,35282944.0,38060032.0,38060032.0,4.09,0.337248429,14.47,528083.0,0.0,0.0,5267.0,2164827.0,0.0,0.0,5682.0,0.0,0.0,0.0,0.0
2023-03-01 02:51:19.331000+00:00,290816.0,,,38060032.0,4.09,,,529050.0,0.0,0.0,5278.0,2170086.0,0.0,0.0,5693.0,0.0,,,0.0
2023-03-01 02:51:24.318000+00:00,294912.0,35282944.0,38060032.0,38060032.0,4.11,0.337248429,14.53,530071.0,0.0,0.0,5290.0,2175419.0,0.0,0.0,5705.0,0.0,0.0,0.0,0.0
2023-03-01 02:51:29.374000+00:00,294912.0,,,,4.11,0.337248429,14.53,,,,,,,,,0.0,,0.0,0.0
2023-03-01 02:51:33.853000+00:00,294912.0,35282944.0,38203392.0,38203392.0,4.13,0.337777836,14.58,531873.0,0.0,0.0,5310.0,2185739.0,0.0,0.0,5724.0,0.0,0.0,0.0,0.0
2023-03-01 02:51:39.433000+00:00,294912.0,35282944.0,38060032.0,38060032.0,4.13,0.337777836,14.59,532840.0,0.0,0.0,5321.0,2190998.0,0.0,0.0,5735.0,0.0,,0.0,0.0
2023-03-01 02:51:44.213000+00:00,294912.0,35282944.0,38068224.0,38068224.0,4.15,0.337777836,14.64,533807.0,0.0,0.0,5332.0,2196257.0,0.0,0.0,5746.0,0.0,0.0,0.0,0.0
2023-03-01 02:51:49.012000+00:00,294912.0,35282944.0,38060032.0,38060032.0,4.15,0.337777836,14.65,534774.0,0.0,0.0,5343.0,2201516.0,0.0,0.0,5757.0,0.0,,0.0,0.0
2023-03-01 02:51:54.265000+00:00,294912.0,35282944.0,38305792.0,38305792.0,4.18,0.337777836,14.72,535795.0,0.0,0.0,5355.0,2206849.0,0.0,0.0,5769.0,0.0,0.0,0.0,0.0
2023-03-01 02:51:59.045000+00:00,294912.0,35282944.0,38068224.0,,4.18,0.337777836,14.72,,,,,,,,,0.0,0.0,0.0,0.0
2023-03-01 02:52:03.080000+00:00,294912.0,35282944.0,38227968.0,38227968.0,4.2,0.337777836,14.78,537813.0,0.0,0.0,5379.0,2217451.0,0.0,0.0,5793.0,0.0,0.0,0.0,0.0
2023-03-01 02:52:09.257000+00:00,294912.0,35282944.0,38060032.0,38060032.0,4.2,0.337777836,14.79,538780.0,0.0,0.0,5390.0,2222710.0,0.0,0.0,5804.0,0.0,0.0,0.0,0.0
2023-03-01 02:52:14.476000+00:00,294912.0,35282944.0,38064128.0,38064128.0,4.22,0.337777836,14.85,539747.0,0.0,0.0,5401.0,2227969.0,0.0,0.0,5815.0,0.0,0.0,0.0,0.0
2023-03-01 02:52:19.597000+00:00,294912.0,35282944.0,38060032.0,38060032.0,4.22,0.337777836,14.86,540714.0,0.0,0.0,5412.0,2233228.0,0.0,0.0,5826.0,0.0,,0.0,0.0
2023-03-01 02:52:24.416000+00:00,299008.0,35282944.0,38060032.0,38060032.0,4.24,0.337777836,14.95,541735.0,0.0,0.0,5424.0,2238561.0,0.0,0.0,5838.0,0.0,0.0,0.0,0.0
2023-03-01 02:52:28.785000+00:00,,,,,4.24,,,,,,,,,,,,,,
2023-03-01 02:52:33.672000+00:00,299008.0,35282944.0,38060032.0,38060032.0,4.24,0.337777836,14.96,543669.0,0.0,0.0,5446.0,2249079.0,0.0,0.0,5860.0,0.0,0.0,0.0,0.0
2023-03-01 02:52:38.638000+00:00,299008.0,35282944.0,38068224.0,38068224.0,4.25,0.337777836,15.0,544636.0,0.0,0.0,5457.0,2254338.0,0.0,0.0,5871.0,0.0,0.0,0.0,0.0
2023-03-01 02:52:44.860000+00:00,299008.0,35282944.0,38199296.0,38199296.0,4.28,0.337777836,15.08,546570.0,0.0,0.0,5479.0,2264856.0,0.0,0.0,5893.0,0.0,0.0,0.0,0.0
2023-03-01 02:52:49.827000+00:00,,35282944.0,38060032.0,38060032.0,4.28,,,547537.0,0.0,0.0,5490.0,2270115.0,0.0,0.0,5904.0,,0.0,0.0,
2023-03-01 02:52:53.923000+00:00,299008.0,35282944.0,38187008.0,38187008.0,4.28,0.337777836,15.09,547591.0,0.0,0.0,5491.0,2270189.0,0.0,0.0,5905.0,0.0,0.0,0.0,0.0
2023-03-01 02:52:59.843000+00:00,299008.0,35282944.0,38060032.0,38060032.0,4.3,0.339473881,15.18,549543.0,0.0,0.0,5514.0,2280725.0,0.0,0.0,5928.0,0.0,0.0,0.0,0.0
2023-03-01 02:53:04.109000+00:00,299008.0,35282944.0,38060032.0,38060032.0,4.3,0.339473881,15.18,549543.0,0.0,0.0,5514.0,2280725.0,0.0,0.0,5928.0,0.0,0.0,0.0,0.0
2023-03-01 02:53:09.842000+00:00,299008.0,,38060032.0,38060032.0,4.32,0.339473881,15.23,551411.0,0.0,0.0,5535.0,2291177.0,0.0,0.0,5949.0,0.0,,,0.0
2023-03-01 02:53:14.691000+00:00,299008.0,35282944.0,38060032.0,38060032.0,4.32,0.339473881,15.23,551411.0,0.0,0.0,5535.0,2291177.0,0.0,0.0,5949.0,0.0,0.0,0.0,0.0
2023-03-01 02:53:19.375000+00:00,299008.0,35282944.0,38080512.0,38080512.0,4.34,0.339473881,15.29,552378.0,0.0,0.0,5546.0,2296436.0,0.0,0.0,5960.0,0.0,,0.0,0.0
2023-03-01 02:53:23.736000+00:00,303104.0,35282944.0,38060032.0,38060032.0,4.34,0.339473881,15.3,553399.0,0.0,0.0,5558.0,2301769.0,0.0,0.0,5972.0,0.0,0.0,0.0,0.0
2023-03-01 02:53:29.739000+00:00,303104.0,35282944.0,38060032.0,38060032.0,4.34,0.339473881,15.37,555375.0,0.0,,,,,,,0.0,0.0,0.0,0.0
2023-03-01 02:53:34.258000+00:00,303104.0,35282944.0,38060032.0,38060032.0,4.34,0.339473881,15.37,555375.0,0.0,0.0,5581.0,2312329.0,0.0,0.0,5995.0,0.0,0.0,0.0,0.0
2023-03-01 02:53:39.086000+00:00,,,38060032.0,38060032.0,4.36,,15.42,556342.0,0.0,0.0,5592.0,2317588.0,0.0,0.0,6006.0,0.0,,,
2023-03-01 02:53:43.556000+00:00,303104.0,35282944.0,38060032.0,38060032.0,4.36,0.339473881,15.42,557309.0,0.0,0.0,5603.0,2322847.0,0.0,0.0,6017.0,0.0,0.0,0.0,0.0
2023-03-01 02:53:48.806000+00:00,303104.0,35282944.0,38060032.0,38060032.0,4.38,0.339473881,15.49,558276.0,0.0,0.0,5614.0,2328106.0,0.0,0.0,6028.0,0.0,0.0,0.0,0.0
2023-03-01 02:53:54.128000+00:00,303104.0,35287040.0,38187008.0,38187008.0,4.38,0.339473881,15.5,559297.0,0.0,0.0,5626.0,2333439.0,0.0,0.0,6040.0,0.0,0.0,0.0,0.0
2023-03-01 02:53:59.288000+00:00,303104.0,,38064128.0,38064128.0,4.4,0.339473881,15.57,560306.0,0.0,0.0,5638.0,2338740.0,0.0,0.0,6052.0,0.0,,0.0,0.0
2023-03-01 02:54:04.507000+00:00,303104.0,35287040.0,38064128.0,38064128.0,4.4,0.339473881,15.58,561273.0,0.0,0.0,5649.0,2343999.0,0.0,0.0,6063.0,0.0,0.0,0.0,0.0
2023-03-01 02:54:09.128000+00:00,303104.0,,38199296.0,38199296.0,4.4,0.339473881,15.63,562240.0,0.0,0.0,5660.0,2349258.0,0.0,0.0,6074.0,0.0,,,0.0
2023-03-01 02:54:14.393000+00:00,303104.0,35287040.0,38068224.0,38068224.0,4.4,0.339473881,15.63,563207.0,0.0,0.0,5671.0,2354517.0,0.0,0.0,6085.0,0.0,0.0,0.0,0.0
2023-03-01 02:54:19.153000+00:00,303104.0,35287040.0,38068224.0,38068224.0,4.42,0.339473881,15.7,564174.0,0.0,0.0,5682.0,2359776.0,0.0,0.0,6096.0,0.0,,0.0,0.0
2023-03-01 02:54:24.436000+00:00,311296.0,35287040.0,38064128.0,38064128.0,4.42,0.339473881,15.71,565195.0,0.0,0.0,5694.0,2365109.0,0.0,0.0,6108.0,0.0,0.0,0.0,0.0
2023-03-01 02:54:28.834000+00:00,311296.0,,,,4.44,0.339473881,15.78,,,,,,,,,0.0,,0.0,0.0
2023-03-01 02:54:34.912000+00:00,311296.0,35287040.0,38064128.0,38064128.0,4.44,0.339473881,15.79,568138.0,0.0,0.0,5728.0,2380928.0,0.0,0.0,6142.0,0.0,0.0,0.0,0.0
2023-03-01 02:54:38.701000+00:00,311296.0,35287040.0,38400000.0,38400000.0,4.45,0.339473881,15.84,568138.0,0.0,0.0,5728.0,2380928.0,0.0,0.0,6142.0,0.0,,,0.0
2023-03-01 02:54:44.729000+00:00,311296.0,35287040.0,38072320.0,38072320.0,4.45,0.339473881,15.84,569544.0,0.0,0.0,5742.0,2386261.0,0.0,0.0,6154.0,0.0,0.0,0.0,0.0
2023-03-01 02:54:49.694000+00:00,311296.0,35287040.0,38080512.0,38080512.0,4.47,0.339473881,15.9,570072.0,0.0,0.0,5750.0,2391446.0,0.0,0.0,6164.0,0.0,0.0,0.0,0.0
2023-03-01 02:54:54.131000+00:00,311296.0,35287040.0,38191104.0,38191104.0,4.47,0.339473881,15.91,571093.0,0.0,0.0,5762.0,2396779.0,0.0,0.0,6176.0,0.0,0.0,0.0,0.0
2023-03-01 02:54:58.943000+00:00,311296.0,,,,4.5,0.339473881,15.96,,,,,,,,,0.0,,,0.0
2023-03-01 02:55:03.032000+00:00,311296.0,35287040.0,38072320.0,38072320.0,4.5,0.339473881,15.96,573069.0,0.0,0.0,5785.0,2407339.0,0.0,0.0,6199.0,0.0,0.0,0.0,0.0
2023-03-01 02:55:09.119000+00:00,311296.0,35287040.0,38064128.0,38064128.0,4.51,0.339473881,16.01,574036.0,0.0,0.0,5796.0,2412598.0,0.0,0.0,6210.0,0.0,,0.0,0.0
2023-03-01 02:55:14.546000+00:00,311296.0,35287040.0,38064128.0,38064128.0,4.51,0.339473881,16.02,575003.0,0.0,0.0,5807.0,2417857.0,0.0,0.0,6221.0,0.0,0.0,0.0,0.0
2023-03-01 02:55:18.742000+00:00,,35287040.0,38064128.0,38064128.0,4.51,0.339473881,16.02,575970.0,0.0,0.0,5818.0,2423116.0,0.0,0.0,6232.0,0.0,,,
2023-03-01 02:55:24.341000+00:00,315392.0,35287040.0,38064128.0,38064128.0,4.52,0.339473881,16.09,576991.0,0.0,0.0,5830.0,2428449.0,0.0,0.0,6244.0,0.0,0.0,0.0,0.0
2023-03-01 02:55:29.435000+00:00,315392.0,35287040.0,,,4.52,0.339473881,16.09,,,,,,,,,0.0,0.0,0.0,0.0
2023-03-01 02:55:33.799000+00:00,315392.0,35287040.0,38068224.0,38068224.0,4.54,0.339473881,16.17,579074.0,0.0,0.0,5854.0,2439009.0,0.0,0.0,6267.0,0.0,0.0,0.0,0.0
2023-03-01 02:55:39.916000+00:00,,35287040.0,38195200.0,38195200.0,4.54,,,581008.0,0.0,0.0,5876.0,2449527.0,0.0,0.0,6289.0,,,,
2023-03-01 02:55:44.293000+00:00,315392.0,35287040.0,38076416.0,38076416.0,4.56,0.33975765,16.24,581008.0,0.0,0.0,5876.0,2449527.0,0.0,0.0,6289.0,0.0,0.0,0.0,0.0
2023-03-01 02:55:49.249000+00:00,315392.0,,38064128.0,38064128.0,4.56,0.33975765,16.25,581975.0,0.0,0.0,5887.0,2454786.0,0.0,0.0,6300.0,0.0,,,0.0
2023-03-01 02:55:53.291000+00:00,315392.0,35287040.0,38105088.0,38105088.0,4.58,0.33975765,16.32,582996.0,0.0,0.0,5899.0,2460119.0,0.0,0.0,6312.0,0.0,0.0,0.0,0.0
2023-03-01 02:55:58.395000+00:00,315392.0,35287040.0,,,4.58,0.33975765,16.33,,,,,,,,,0.0,0.0,0.0,0.0
2023-03-01 02:56:03.497000+00:00,315392.0,35287040.0,38076416.0,38076416.0,4.59,0.33975765,16.38,584972.0,0.0,0.0,5922.0,2470679.0,0.0,0.0,6335.0,0.0,0.0,0.0,0.0
2023-03-01 02:56:09.384000+00:00,315392.0,35287040.0,38064128.0,38064128.0,4.59,0.33975765,16.38,585939.0,0.0,0.0,5933.0,2475938.0,0.0,0.0,6346.0,0.0,,0.0,0.0
2023-03-01 02:56:14.040000+00:00,315392.0,35287040.0,38158336.0,38158336.0,4.6,0.33975765,16.44,586906.0,0.0,0.0,5944.0,2481197.0,0.0,0.0,6357.0,0.0,0.0,0.0,0.0
2023-03-01 02:56:18.606000+00:00,,,38072320.0,38072320.0,4.6,0.33975765,16.44,587873.0,0.0,0.0,5955.0,2486456.0,0.0,0.0,6368.0,0.0,,,
2023-03-01 02:56:24.085000+00:00,319488.0,35287040.0,38248448.0,38248448.0,4.62,0.33975765,16.52,588894.0,0.0,0.0,5967.0,2491789.0,0.0,0.0,6380.0,0.0,0.0,0.0,0.0
2023-03-01 02:56:29.274000+00:00,319488.0,35287040.0,,,4.62,0.33975765,16.52,,,,,,,,,0.0,0.0,0.0,0.0
2023-03-01 02:56:34.629000+00:00,319488.0,35287040.0,38215680.0,38215680.0,4.64,0.33975765,16.59,590870.0,0.0,0.0,5990.0,2502349.0,0.0,0.0,6403.0,0.0,0.0,0.0,0.0
2023-03-01 02:56:38.811000+00:00,,35287040.0,38178816.0,38178816.0,4.64,0.33975765,16.59,591837.0,0.0,0.0,6001.0,2507608.0,0.0,0.0,6414.0,0.0,,,
2023-03-01 02:56:44.022000+00:00,319488.0,35287040.0,38080512.0,38080512.0,4.66,0.33975765,16.65,592804.0,0.0,0.0,6012.0,2512867.0,0.0,0.0,6425.0,0.0,0.0,0.0,0.0
2023-03-01 02:56:49.577000+00:00,,,38068224.0,38068224.0,4.66,0.33975765,16.66,593771.0,0.0,0.0,6023.0,2518126.0,0.0,0.0,6436.0,0.0,,,
2023-03-01 02:56:54.114000+00:00,319488.0,35287040.0,38076416.0,38076416.0,4.68,0.33975765,16.74,594792.0,0.0,0.0,6035.0,2523459.0,0.0,0.0,6448.0,0.0,0.0,0.0,0.0
2023-03-01 02:56:59.464000+00:00,319488.0,,,,4.68,,,,,,,,,,,,,0.0,0.0
2023-03-01 02:57:03.757000+00:00,319488.0,35287040.0,38305792.0,38305792.0,4.7,0.33975765,16.79,596768.0,0.0,0.0,6058.0,2534019.0,0.0,0.0,6471.0,0.0,0.0,0.0,0.0
2023-03-01 02:57:09.238000+00:00,,35287040.0,38064128.0,38064128.0,4.7,0.33975765,16.79,597735.0,0.0,0.0,6069.0,2539278.0,0.0,0.0,6482.0,0.0,,,
2023-03-01 02:57:14.882000+00:00,319488.0,35287040.0,38100992.0,38100992.0,4.72,0.33975765,16.84,599669.0,0.0,0.0,6091.0,2549796.0,0.0,0.0,6504.0,0.0,0.0,0.0,0.0
2023-03-01 02:57:18.218000+00:00,319488.0,,38076416.0,38076416.0,4.72,0.33975765,16.84,599669.0,0.0,0.0,6091.0,2549796.0,0.0,0.0,6504.0,0.0,,,0.0
2023-03-01 02:57:23.895000+00:00,323584.0,35287040.0,38084608.0,38084608.0,4.74,0.33975765,16.9,600690.0,0.0,0.0,6103.0,2555129.0,0.0,0.0,6516.0,0.0,0.0,0.0,0.0
2023-03-01 02:57:28.721000+00:00,323584.0,,,,4.74,0.33975765,16.91,,,,,,,,,0.0,,,0.0
2023-03-01 02:57:34.214000+00:00,323584.0,35287040.0,38105088.0,38105088.0,4.76,0.33975765,16.99,602600.0,0.0,0.0,6125.0,2565623.0,0.0,0.0,6538.0,0.0,0.0,0.0,0.0
2023-03-01 02:57:39.795000+00:00,323584.0,35287040.0,38195200.0,38195200.0,4.76,0.33975765,17.0,604534.0,0.0,0.0,6147.0,2576141.0,0.0,0.0,6560.0,0.0,,0.0,0.0
2023-03-01 02:57:44.090000+00:00,323584.0,36597760.0,40095744.0,40095744.0,4.78,0.33975765,17.05,604534.0,0.0,0.0,6147.0,2576141.0,0.0,0.0,6560.0,0.0,0.0,0.0,0.0
2023-03-01 02:57:48.507000+00:00,323584.0,,38064128.0,38064128.0,4.78,0.33975765,17.05,605501.0,0.0,0.0,6158.0,2581400.0,0.0,0.0,6571.0,0.0,,,0.0
2023-03-01 02:57:54.079000+00:00,323584.0,35287040.0,38064128.0,38064128.0,4.78,0.33975765,17.07,606522.0,0.0,0.0,6170.0,2586733.0,0.0,0.0,6583.0,0.0,0.0,0.0,0.0
2023-03-01 02:57:58.343000+00:00,323584.0,,,,4.8,0.33975765,17.13,,,,,,,,,0.0,,,0.0
2023-03-01 02:58:04.097000+00:00,323584.0,35287040.0,38187008.0,38187008.0,4.8,0.33975765,17.13,608540.0,0.0,0.0,6194.0,2597335.0,0.0,0.0,6607.0,0.0,0.0,0.0,0.0
2023-03-01 02:58:09.186000+00:00,323584.0,,38203392.0,38203392.0,4.83,0.33975765,17.18,609507.0,0.0,0.0,6205.0,2602594.0,0.0,0.0,6618.0,0.0,,0.0,0.0
2023-03-01 02:58:14.783000+00:00,323584.0,35287040.0,38182912.0,38182912.0,4.83,0.33975765,17.19,611441.0,0.0,0.0,6227.0,2613112.0,0.0,0.0,6640.0,0.0,0.0,0.0,0.0
2023-03-01 02:58:18.768000+00:00,323584.0,35287040.0,38072320.0,38072320.0,4.84,0.33975765,17.23,611441.0,0.0,0.0,6227.0,2613112.0,0.0,0.0,6640.0,0.0,,,0.0
2023-03-01 02:58:23.581000+00:00,327680.0,35287040.0,38191104.0,38191104.0,4.84,0.33975765,17.24,612462.0,0.0,0.0,6239.0,2618445.0,0.0,0.0,6652.0,0.0,0.0,0.0,0.0
2023-03-01 02:58:28.431000+00:00,327680.0,,,,4.86,0.33975765,17.3,,,,,,,,,0.0,,0.0,0.0
2023-03-01 02:58:34.085000+00:00,327680.0,35287040.0,38064128.0,38064128.0,4.86,0.33975765,17.3,614438.0,0.0,0.0,6262.0,2629005.0,0.0,0.0,6675.0,0.0,0.0,0.0,0.0
2023-03-01 02:58:39.470000+00:00,327680.0,,38068224.0,38068224.0,4.88,0.33975765,17.36,615405.0,0.0,0.0,6273.0,2634264.0,0.0,0.0,6686.0,0.0,,,0.0
2023-03-01 02:58:44.597000+00:00,327680.0,35287040.0,38064128.0,38064128.0,4.88,0.33975765,17.37,616372.0,0.0,0.0,6284.0,2639523.0,0.0,0.0,6697.0,0.0,0.0,0.0,0.0
2023-03-01 02:58:49.071000+00:00,327680.0,35287040.0,38064128.0,38064128.0,4.89,0.33975765,17.43,617339.0,0.0,0.0,6295.0,2644782.0,0.0,0.0,6708.0,0.0,0.0,0.0,0.0
2023-03-01 02:58:54.591000+00:00,327680.0,35287040.0,38064128.0,38064128.0,4.89,0.33975765,17.44,618360.0,0.0,0.0,6307.0,2650115.0,0.0,0.0,6720.0,0.0,0.0,0.0,0.0
2023-03-01 02:58:58.322000+00:00,327680.0,35287040.0,38264832.0,,4.9,0.340405219,17.5,,,,,,,,,0.0,0.0,0.0,0.0
2023-03-01 02:59:03.914000+00:00,327680.0,35287040.0,38064128.0,38064128.0,4.9,0.340405219,17.51,620378.0,0.0,0.0,6331.0,2660717.0,0.0,0.0,6744.0,0.0,0.0,0.0,0.0
2023-03-01 02:59:09.158000+00:00,327680.0,,38318080.0,38318080.0,4.92,0.340405219,17.56,621345.0,0.0,0.0,6342.0,2665976.0,0.0,0.0,6755.0,0.0,,,0.0
2023-03-01 02:59:14.605000+00:00,327680.0,35287040.0,38072320.0,38072320.0,4.92,0.340405219,17.57,622312.0,0.0,0.0,6353.0,2671235.0,0.0,0.0,6766.0,0.0,0.0,0.0,0.0
2023-03-01 02:59:19.205000+00:00,,35287040.0,38146048.0,38146048.0,4.95,0.340405219,17.64,623279.0,0.0,0.0,6364.0,2676494.0,0.0,0.0,6777.0,0.0,0.0,,
2023-03-01 02:59:23.736000+00:00,335872.0,35287040.0,38191104.0,38191104.0,4.95,0.340405219,17.65,624300.0,0.0,0.0,6376.0,2681827.0,0.0,0.0,6789.0,0.0,0.0,0.0,0.0
2023-03-01 02:59:29.382000+00:00,335872.0,35287040.0,38113280.0,38113280.0,4.96,0.340405219,17.72,,,,,,,,,0.0,0.0,0.0,0.0
2023-03-01 02:59:33.723000+00:00,335872.0,35287040.0,38076416.0,38076416.0,4.96,0.340405219,17.72,626276.0,0.0,0.0,6399.0,2692387.0,0.0,0.0,6812.0,0.0,0.0,0.0,0.0
2023-03-01 02:59:39.749000+00:00,335872.0,,38322176.0,38322176.0,4.98,0.340405219,17.78,628210.0,0.0,0.0,6421.0,2702905.0,0.0,0.0,6834.0,0.0,,,0.0
2023-03-01 02:59:43.319000+00:00,335872.0,35287040.0,38195200.0,38195200.0,4.98,0.340405219,17.78,628210.0,0.0,0.0,6421.0,2702905.0,0.0,0.0,6834.0,0.0,0.0,0.0,0.0
2023-03-01 02:59:48.599000+00:00,335872.0,35287040.0,38068224.0,38068224.0,4.98,0.34065818,17.87,629177.0,0.0,0.0,6432.0,2708164.0,0.0,0.0,6845.0,0.0,0.0,0.0,0.0
2023-03-01 02:59:53.758000+00:00,335872.0,35291136.0,38068224.0,38068224.0,4.99,0.34065818,17.88,630198.0,0.0,0.0,6444.0,2713497.0,0.0,0.0,6857.0,0.0,0.0,0.0,0.0
2023-03-01 02:59:59.299000+00:00,335872.0,,,,4.99,,,,,,,,,,,0.0,,,0.0
2023-03-01 03:00:03.911000+00:00,335872.0,35291136.0,38068224.0,38068224.0,4.99,0.34065818,17.96,632216.0,0.0,0.0,6468.0,2724099.0,0.0,0.0,6881.0,0.0,0.0,0.0,0.0
2023-03-01 03:00:09.227000+00:00,335872.0,,38072320.0,38072320.0,5.02,,,633183.0,0.0,0.0,6479.0,2729358.0,0.0,0.0,6892.0,,,,0.0
2023-03-01 03:00:14.477000+00:00,335872.0,35291136.0,38068224.0,38068224.0,5.03,0.34065818,18.03,634150.0,0.0,0.0,6490.0,2734617.0,0.0,0.0,6903.0,0.0,0.0,0.0,0.0
2023-03-01 03:00:18.916000+00:00,335872.0,35291136.0,38072320.0,38072320.0,5.04,0.34065818,18.1,635117.0,0.0,0.0,6501.0,2739876.0,0.0,0.0,6914.0,0.0,,0.0,0.0
2023-03-01 03:00:24.071000+00:00,339968.0,35291136.0,38068224.0,38068224.0,5.04,0.34065818,18.11,636072.0,0.0,0.0,6512.0,2745143.0,0.0,0.0,6925.0,0.0,0.0,0.0,0.0
2023-03-01 03:00:28.981000+00:00,339968.0,,,,5.06,0.34065818,18.18,,,,,,,,,0.0,,0.0,0.0
2023-03-01 03:00:34.169000+00:00,339968.0,35291136.0,38072320.0,38072320.0,5.06,0.34065818,18.19,638048.0,0.0,0.0,6535.0,2755703.0,0.0,0.0,6948.0,0.0,0.0,0.0,0.0
2023-03-01 03:00:38.942000+00:00,339968.0,,40693760.0,40693760.0,5.06,,,639015.0,0.0,0.0,6546.0,2760962.0,0.0,0.0,6959.0,0.0,,,
2023-03-01 03:00:43.773000+00:00,339968.0,35291136.0,38072320.0,38072320.0,5.09,0.34065818,18.27,639982.0,0.0,0.0,6557.0,2766221.0,0.0,0.0,6970.0,0.0,0.0,0.0,0.0
2023-03-01 03:00:49.404000+00:00,339968.0,35291136.0,38543360.0,38543360.0,5.1,0.090818176,,640949.0,0.0,0.0,6568.0,2771480.0,0.0,0.0,6981.0,,,0.0,0.0
2023-03-01 03:00:54.547000+00:00,339968.0,35291136.0,38068224.0,38068224.0,5.11,0.34065818,18.33,641970.0,0.0,0.0,6580.0,2776813.0,0.0,0.0,6993.0,0.0,0.0,0.0,0.0
2023-03-01 03:00:58.437000+00:00,,,,,5.11,0.34065818,18.33,,,,,,,,,0.0,,,
2023-03-01 03:01:03.320000+00:00,339968.0,35291136.0,38080512.0,38080512.0,5.13,0.34065818,18.41,643988.0,0.0,0.0,6604.0,2787415.0,0.0,0.0,7017.0,0.0,0.0,0.0,0.0
2023-03-01 03:01:08.889000+00:00,339968.0,,,38068224.0,5.13,,,644955.0,0.0,0.0,6615.0,2792674.0,0.0,0.0,7028.0,,,,0.0
2023-03-01 03:01:14.468000+00:00,339968.0,35291136.0,38080512.0,38080512.0,5.14,0.34065818,18.51,645856.0,0.0,0.0,6625.0,2797867.0,0.0,0.0,7038.0,0.0,0.0,0.0,0.0
2023-03-01 03:01:19.305000+00:00,339968.0,35291136.0,38068224.0,38068224.0,5.14,0.34065818,18.51,646823.0,0.0,0.0,6636.0,2803126.0,0.0,0.0,7049.0,0.0,,0.0,0.0
2023-03-01 03:01:23.950000+00:00,344064.0,35295232.0,38072320.0,38072320.0,5.15,0.34065818,18.58,647844.0,0.0,0.0,6648.0,2808459.0,0.0,0.0,7061.0,0.0,0.0,0.0,0.0
2023-03-01 03:01:29.344000+00:00,,35295232.0,38072320.0,38072320.0,5.15,0.34065818,18.59,648853.0,0.0,0.0,6660.0,,,,,0.0,0.0,,
2023-03-01 03:01:33.910000+00:00,344064.0,35295232.0,38207488.0,38207488.0,5.18,0.34065818,18.64,649820.0,0.0,0.0,6671.0,2819019.0,0.0,0.0,7084.0,0.0,0.0,0.0,0.0
2023-03-01 03:01:38.686000+00:00,344064.0,35295232.0,38076416.0,38076416.0,5.18,0.34065818,18.65,650787.0,0.0,0.0,6682.0,2824278.0,0.0,0.0,7095.0,0.0,,0.0,0.0
2023-03-01 03:01:43.337000+00:00,344064.0,35295232.0,38072320.0,38072320.0,5.19,0.34065818,18.72,651754.0,0.0,0.0,6693.0,2829537.0,0.0,0.0,7106.0,0.0,0.0,0.0,0.0
2023-03-01 03:01:49.585000+00:00,344064.0,35295232.0,38072320.0,38072320.0,5.19,0.34065818,18.72,652721.0,0.0,0.0,6704.0,2834796.0,0.0,0.0,7117.0,0.0,0.0,0.0,0.0
2023-03-01 03:01:53.863000+00:00,344064.0,35295232.0,38199296.0,38199296.0,5.21,0.34065818,18.78,653676.0,0.0,0.0,6715.0,2840063.0,0.0,0.0,7128.0,0.0,0.0,0.0,0.0
2023-03-01 03:01:59.222000+00:00,344064.0,,,,5.21,,,,,,,,,,,,,,0.0
2023-03-01 03:02:04.627000+00:00,344064.0,35295232.0,38109184.0,38109184.0,5.22,0.34065818,18.86,655694.0,0.0,0.0,6739.0,2850665.0,0.0,0.0,7152.0,0.0,0.0,0.0,0.0
2023-03-01 03:02:09.378000+00:00,344064.0,35295232.0,38076416.0,38076416.0,5.22,0.34065818,18.86,656661.0,0.0,0.0,6750.0,2855924.0,0.0,0.0,7163.0,0.0,,,0.0
2023-03-01 03:02:14.418000+00:00,344064.0,35295232.0,38191104.0,38191104.0,5.24,0.34065818,18.92,657628.0,0.0,0.0,6761.0,2861183.0,0.0,0.0,7174.0,0.0,0.0,0.0,0.0
2023-03-01 03:02:19.632000+00:00,344064.0,,38076416.0,38076416.0,5.24,0.34065818,18.93,658595.0,0.0,0.0,6772.0,2866442.0,0.0,0.0,7185.0,0.0,,,0.0
2023-03-01 03:02:24.569000+00:00,348160.0,35295232.0,38195200.0,38195200.0,5.25,0.34065818,19.0,659616.0,0.0,0.0,6784.0,2871775.0,0.0,0.0,7197.0,0.0,0.0,0.0,0.0
2023-03-01 03:02:28.318000+00:00,348160.0,35295232.0,,,5.25,0.34065818,19.0,,,,,,,,7208.0,0.0,0.0,0.0,0.0
2023-03-01 03:02:34.622000+00:00,348160.0,35295232.0,38146048.0,38146048.0,5.27,0.34065818,19.06,661550.0,0.0,0.0,6806.0,2882293.0,0.0,0.0,7219.0,0.0,0.0,0.0,0.0
2023-03-01 03:02:39.922000+00:00,348160.0,35295232.0,38203392.0,38203392.0,5.27,0.34065818,19.07,663484.0,0.0,0.0,6828.0,2892811.0,0.0,0.0,7241.0,0.0,,0.0,0.0
2023-03-01 03:02:44.510000+00:00,348160.0,35295232.0,38170624.0,38170624.0,5.29,0.34065818,19.13,663484.0,0.0,0.0,6828.0,2892811.0,0.0,0.0,7241.0,0.0,0.0,0.0,0.0
2023-03-01 03:02:48.737000+00:00,348160.0,35295232.0,38076416.0,38076416.0,5.29,0.34065818,19.13,664451.0,0.0,0.0,6839.0,2898070.0,0.0,0.0,7252.0,0.0,,,0.0
2023-03-01 03:02:54.843000+00:00,348160.0,35295232.0,38273024.0,38273024.0,5.32,0.34065818,19.19,666373.0,0.0,0.0,6861.0,2908596.0,0.0,0.0,7274.0,0.0,0.0,0.0,0.0
2023-03-01 03:02:59.650000+00:00,348160.0,35295232.0,,,5.32,0.34065818,19.19,,,,,,,0.0,7276.0,0.0,0.0,0.0,0.0
2023-03-01 03:03:04.377000+00:00,348160.0,35295232.0,38150144.0,38150144.0,5.35,0.34065818,19.24,667424.0,0.0,0.0,6874.0,2913939.0,0.0,0.0,7287.0,0.0,0.0,0.0,0.0
2023-03-01 03:03:09.246000+00:00,,35295232.0,38076416.0,38076416.0,5.35,,,668259.0,0.0,0.0,6883.0,2919066.0,0.0,0.0,7296.0,,,,
2023-03-01 03:03:13.544000+00:00,348160.0,35295232.0,38072320.0,38072320.0,5.35,0.34065818,19.25,669160.0,0.0,0.0,6893.0,2924259.0,0.0,0.0,7306.0,0.0,0.0,0.0,0.0
2023-03-01 03:03:18.193000+00:00,,,38072320.0,38072320.0,5.36,,,670127.0,0.0,0.0,6904.0,2929518.0,0.0,0.0,7317.0,,,,
2023-03-01 03:03:23.958000+00:00,352256.0,35295232.0,38072320.0,38072320.0,5.36,0.34065818,19.32,671148.0,0.0,0.0,6916.0,2934851.0,0.0,0.0,7329.0,0.0,0.0,0.0,0.0
2023-03-01 03:03:28.664000+00:00,352256.0,,,,5.38,0.34065818,19.39,,,,,,,0.0,7341.0,0.0,,,0.0
2023-03-01 03:03:33.307000+00:00,352256.0,35295232.0,38072320.0,38072320.0,5.38,0.34065818,19.39,673124.0,0.0,0.0,6939.0,2945411.0,0.0,0.0,7352.0,0.0,0.0,0.0,0.0
2023-03-01 03:03:39.559000+00:00,352256.0,35295232.0,38100992.0,38100992.0,5.38,,,674091.0,0.0,0.0,6950.0,2950670.0,0.0,0.0,7363.0,,,,0.0
2023-03-01 03:03:43.630000+00:00,352256.0,35295232.0,38072320.0,38072320.0,5.38,0.34065818,19.47,675058.0,0.0,0.0,6961.0,2955929.0,0.0,0.0,7374.0,0.0,0.0,0.0,0.0
2023-03-01 03:03:48.837000+00:00,,35295232.0,38100992.0,38100992.0,5.4,,19.54,676025.0,0.0,0.0,6972.0,2961188.0,0.0,0.0,7385.0,0.0,,,
2023-03-01 03:03:54.670000+00:00,352256.0,35295232.0,38076416.0,38076416.0,5.41,0.34065818,19.54,677046.0,0.0,0.0,6984.0,2966521.0,0.0,0.0,7397.0,0.0,0.0,0.0,0.0
2023-03-01 03:03:59.615000+00:00,352256.0,,,,5.42,0.34065818,19.61,,,,,,,,,0.0,,,0.0
2023-03-01 03:04:04.379000+00:00,352256.0,35295232.0,38072320.0,38072320.0,5.42,0.34065818,19.61,679064.0,0.0,0.0,7008.0,2977123.0,0.0,0.0,7421.0,0.0,0.0,0.0,0.0
2023-03-01 03:04:09.127000+00:00,,35295232.0,38084608.0,38084608.0,5.44,0.34065818,19.68,680031.0,0.0,0.0,7019.0,2982382.0,0.0,0.0,7432.0,0.0,,,
2023-03-01 03:04:14.555000+00:00,352256.0,35295232.0,38072320.0,38072320.0,5.44,0.34065818,19.68,680998.0,0.0,0.0,7030.0,2987641.0,0.0,0.0,7443.0,0.0,0.0,0.0,0.0
2023-03-01 03:04:19.070000+00:00,,,38158336.0,38158336.0,5.46,,,682035.0,0.0,0.0,7042.0,2992900.0,0.0,0.0,7454.0,,,,
2023-03-01 03:04:24.099000+00:00,360448.0,35295232.0,38072320.0,38072320.0,5.46,0.34065818,19.75,683056.0,0.0,0.0,7054.0,2998233.0,0.0,0.0,7466.0,0.0,0.0,0.0,0.0
2023-03-01 03:04:29.612000+00:00,360448.0,35295232.0,,,5.48,0.34065818,19.81,,,,,,,,7478.0,0.0,0.0,0.0,0.0
2023-03-01 03:04:34.796000+00:00,360448.0,35295232.0,38072320.0,38072320.0,5.48,0.34065818,19.82,685999.0,0.0,0.0,7088.0,3014052.0,0.0,0.0,7500.0,0.0,0.0,0.0,0.0
2023-03-01 03:04:38.756000+00:00,,35295232.0,38113280.0,38113280.0,5.5,,,685999.0,0.0,0.0,7088.0,3014052.0,0.0,0.0,7500.0,,,,
2023-03-01 03:04:44.438000+00:00,360448.0,35295232.0,38072320.0,38072320.0,5.5,0.34065818,19.89,686966.0,0.0,0.0,7099.0,3019311.0,0.0,0.0,7511.0,0.0,0.0,0.0,0.0
2023-03-01 03:04:49.053000+00:00,360448.0,,38141952.0,38141952.0,5.52,,,687933.0,0.0,0.0,7110.0,3024570.0,0.0,0.0,7522.0,,,,0.0
2023-03-01 03:04:54.504000+00:00,360448.0,35295232.0,38072320.0,38072320.0,5.52,0.34065818,19.96,688954.0,0.0,0.0,7122.0,3029903.0,0.0,0.0,7534.0,0.0,0.0,0.0,0.0
2023-03-01 03:04:58.992000+00:00,360448.0,35295232.0,,,5.55,0.34065818,20.02,,,,,,,,7547.0,0.0,0.0,0.0,0.0
2023-03-01 03:05:04.401000+00:00,360448.0,35295232.0,38072320.0,38072320.0,5.55,0.34065818,20.02,691059.0,0.0,0.0,7147.0,3040505.0,0.0,0.0,7558.0,0.0,0.0,0.0,0.0
2023-03-01 03:05:09.626000+00:00,360448.0,35295232.0,38379520.0,38379520.0,5.57,0.34065818,20.1,692026.0,0.0,0.0,7158.0,3045764.0,0.0,0.0,7569.0,0.0,,0.0,0.0
2023-03-01 03:05:14.750000+00:00,360448.0,35295232.0,38072320.0,38072320.0,5.57,0.34065818,20.1,693960.0,0.0,0.0,7180.0,3056282.0,0.0,0.0,7591.0,0.0,0.0,0.0,0.0
2023-03-01 03:05:19.246000+00:00,360448.0,,38100992.0,38100992.0,5.59,0.34065818,20.16,693960.0,0.0,0.0,7180.0,3056282.0,0.0,0.0,7591.0,0.0,,,0.0
2023-03-01 03:05:23.920000+00:00,364544.0,35295232.0,38072320.0,38072320.0,5.59,0.34065818,20.17,694981.0,0.0,0.0,7192.0,3061615.0,0.0,0.0,7603.0,0.0,0.0,0.0,0.0
2023-03-01 03:05:29.153000+00:00,364544.0,35295232.0,,,5.6,0.34065818,20.24,,,,,,,,,0.0,0.0,0.0,0.0
2023-03-01 03:05:34.633000+00:00,364544.0,35295232.0,38076416.0,38076416.0,5.6,0.34065818,20.24,696957.0,0.0,0.0,7215.0,3072175.0,0.0,0.0,7626.0,0.0,0.0,0.0,0.0
2023-03-01 03:05:39.494000+00:00,364544.0,35295232.0,38334464.0,38334464.0,5.63,0.34065818,20.3,697924.0,0.0,0.0,7226.0,3077434.0,0.0,0.0,7637.0,0.0,,0.0,0.0
2023-03-01 03:05:43.958000+00:00,364544.0,35295232.0,38084608.0,38084608.0,5.63,0.34065818,20.31,698891.0,0.0,0.0,7237.0,3082693.0,0.0,0.0,7648.0,0.0,0.0,0.0,0.0
2023-03-01 03:05:49.849000+00:00,364544.0,,38129664.0,38129664.0,5.64,0.34065818,20.38,700825.0,0.0,0.0,7259.0,3093211.0,0.0,0.0,7670.0,0.0,,,0.0
2023-03-01 03:05:54.677000+00:00,364544.0,35295232.0,38072320.0,38072320.0,5.64,0.34065818,20.39,700879.0,0.0,0.0,7260.0,3093285.0,0.0,0.0,7671.0,0.0,0.0,0.0,0.0
2023-03-01 03:05:59.007000+00:00,364544.0,35295232.0,,,5.64,0.34065818,20.39,,,,,,,,,0.0,0.0,0.0,0.0
2023-03-01 03:06:04.703000+00:00,364544.0,35295232.0,38076416.0,38076416.0,5.66,0.34377922,20.46,702831.0,0.0,0.0,7283.0,3103821.0,0.0,0.0,7694.0,0.0,0.0,0.0,0.0
2023-03-01 03:06:08.289000+00:00,364544.0,35295232.0,38072320.0,38072320.0,5.66,,,703798.0,0.0,0.0,7294.0,3109080.0,0.0,0.0,7705.0,,,0.0,0.0
2023-03-01 03:06:14.683000+00:00,364544.0,35295232.0,38084608.0,38084608.0,5.69,0.34377922,20.52,704765.0,0.0,0.0,7305.0,3114339.0,0.0,0.0,7716.0,0.0,0.0,0.0,0.0
2023-03-01 03:06:18.774000+00:00,,,38072320.0,38072320.0,5.69,,,705732.0,0.0,0.0,7316.0,3119598.0,0.0,0.0,7727.0,,,,
2023-03-01 03:06:23.492000+00:00,368640.0,35295232.0,38096896.0,38096896.0,5.72,0.34377922,20.58,706753.0,0.0,0.0,7328.0,3124931.0,0.0,0.0,7739.0,0.0,0.0,0.0,0.0
2023-03-01 03:06:29.437000+00:00,,35295232.0,38072320.0,38072320.0,5.72,,,707696.0,0.0,0.0,7339.0,3130166.0,0.0,0.0,7750.0,,0.0,,
2023-03-01 03:06:34.429000+00:00,368640.0,35295232.0,38092800.0,38092800.0,5.73,0.34377922,20.67,708531.0,0.0,0.0,7348.0,3135293.0,0.0,0.0,7759.0,0.0,0.0,0.0,0.0
2023-03-01 03:06:38.779000+00:00,368640.0,35295232.0,38072320.0,38072320.0,5.74,0.34377922,20.67,709498.0,0.0,0.0,7359.0,3140552.0,0.0,0.0,7770.0,0.0,,0.0,0.0
2023-03-01 03:06:44.047000+00:00,368640.0,35295232.0,38088704.0,38088704.0,5.75,0.34377922,20.73,710465.0,0.0,0.0,7370.0,3145811.0,0.0,0.0,7781.0,0.0,0.0,0.0,0.0
2023-03-01 03:06:49.758000+00:00,368640.0,,38203392.0,38203392.0,5.75,,,712399.0,0.0,0.0,7392.0,3156329.0,0.0,0.0,7803.0,,,,0.0
2023-03-01 03:06:54.716000+00:00,368640.0,35295232.0,38100992.0,38100992.0,5.77,0.34377922,20.81,712453.0,0.0,0.0,7393.0,3156403.0,0.0,0.0,7804.0,0.0,0.0,0.0,0.0
2023-03-01 03:06:58.847000+00:00,368640.0,35295232.0,,,5.77,0.34377922,20.82,,,,,,,,,0.0,0.0,0.0,0.0
2023-03-01 03:07:04.493000+00:00,368640.0,35295232.0,38133760.0,38133760.0,5.79,0.34377922,20.87,714471.0,0.0,0.0,7417.0,3167005.0,0.0,0.0,7828.0,0.0,0.0,0.0,0.0
2023-03-01 03:07:09.345000+00:00,,35295232.0,38072320.0,38072320.0,5.79,0.34377922,20.88,715438.0,0.0,0.0,7428.0,3172264.0,0.0,0.0,7839.0,0.0,,,
2023-03-01 03:07:14.480000+00:00,368640.0,35295232.0,38100992.0,38100992.0,5.82,0.34377922,20.93,716405.0,0.0,0.0,7439.0,3177523.0,0.0,0.0,7850.0,0.0,0.0,0.0,0.0
2023-03-01 03:07:19.043000+00:00,368640.0,,38072320.0,38072320.0,5.82,0.34377922,20.94,717372.0,0.0,0.0,7450.0,3182782.0,0.0,0.0,7861.0,0.0,,,0.0
2023-03-01 03:07:24.366000+00:00,372736.0,35295232.0,38240256.0,38240256.0,5.82,0.34377922,21.01,718393.0,0.0,0.0,7462.0,3188115.0,0.0,0.0,7873.0,0.0,0.0,0.0,0.0
2023-03-01 03:07:28.535000+00:00,372736.0,,,,5.82,0.34377922,21.02,,,,,,,,,0.0,,,0.0
2023-03-01 03:07:34.088000+00:00,372736.0,35295232.0,38072320.0,38072320.0,5.82,0.34377922,21.02,720327.0,0.0,0.0,7484.0,3198633.0,0.0,0.0,7895.0,0.0,0.0,0.0,0.0
2023-03-01 03:07:39.183000+00:00,372736.0,35295232.0,38080512.0,38080512.0,5.84,0.34377922,21.08,721294.0,0.0,0.0,7495.0,3203892.0,0.0,0.0,7906.0,0.0,,0.0,0.0
2023-03-01 03:07:44.203000+00:00,372736.0,35295232.0,38072320.0,38072320.0,5.84,0.34377922,21.09,722261.0,0.0,0.0,7506.0,3209151.0,0.0,0.0,7917.0,0.0,0.0,0.0,0.0
2023-03-01 03:07:49.854000+00:00,,,38072320.0,38072320.0,5.86,,,724195.0,0.0,0.0,7528.0,3219669.0,0.0,0.0,7939.0,,,,
2023-03-01 03:07:54.477000+00:00,372736.0,35295232.0,38072320.0,38072320.0,5.86,0.34377922,21.16,724356.0,0.0,0.0,7530.0,3219743.0,0.0,0.0,7940.0,0.0,0.0,0.0,0.0
2023-03-01 03:07:59.772000+00:00,,35295232.0,,,5.88,0.34377922,21.23,,,,,,,,,0.0,0.0,0.0,
2023-03-01 03:08:04.456000+00:00,372736.0,35295232.0,38072320.0,38072320.0,5.88,0.34377922,21.23,726374.0,0.0,0.0,7554.0,3230345.0,0.0,0.0,7964.0,0.0,0.0,0.0,0.0
2023-03-01 03:08:09.799000+00:00,372736.0,35295232.0,38072320.0,38072320.0,5.9,,,728308.0,0.0,0.0,7576.0,3240863.0,0.0,0.0,7986.0,0.0,,,0.0
2023-03-01 03:08:13.837000+00:00,372736.0,35295232.0,38072320.0,38072320.0,5.9,0.34377922,21.3,728308.0,0.0,0.0,7576.0,3240863.0,0.0,0.0,7986.0,0.0,0.0,0.0,0.0
2023-03-01 03:08:19.029000+00:00,372736.0,,38100992.0,38100992.0,5.91,,,729275.0,0.0,0.0,7587.0,3246122.0,0.0,0.0,7997.0,,,,0.0
2023-03-01 03:08:24.079000+00:00,376832.0,35295232.0,38199296.0,38199296.0,5.91,0.344347031,21.38,730296.0,0.0,0.0,7599.0,3251455.0,0.0,0.0,8009.0,0.0,0.0,0.0,0.0
2023-03-01 03:08:29.558000+00:00,376832.0,35295232.0,,,5.92,0.344347031,21.45,,,,,,,,,0.0,0.0,0.0,0.0
2023-03-01 03:08:34.038000+00:00,376832.0,35295232.0,38072320.0,38072320.0,5.92,0.344347031,21.45,732230.0,0.0,0.0,7621.0,3261973.0,0.0,0.0,8031.0,0.0,0.0,0.0,0.0
2023-03-01 03:08:39.770000+00:00,376832.0,35295232.0,38072320.0,38072320.0,5.94,0.344347031,21.52,734164.0,0.0,0.0,7643.0,3272491.0,0.0,0.0,8053.0,0.0,,0.0,0.0
2023-03-01 03:08:44.484000+00:00,376832.0,35295232.0,38072320.0,38072320.0,5.94,0.344347031,21.52,734164.0,0.0,0.0,7643.0,3272491.0,0.0,0.0,8053.0,0.0,0.0,0.0,0.0
2023-03-01 03:08:49.075000+00:00,376832.0,,38096896.0,38096896.0,5.96,,,735131.0,0.0,0.0,7654.0,3277750.0,0.0,0.0,8064.0,,,,0.0
2023-03-01 03:08:53.901000+00:00,376832.0,35295232.0,38199296.0,38199296.0,5.96,0.344347031,21.59,736152.0,0.0,0.0,7666.0,3283083.0,0.0,0.0,8076.0,0.0,0.0,0.0,0.0
2023-03-01 03:08:59.321000+00:00,,35295232.0,38088704.0,38088704.0,5.99,0.344347031,21.65,737203.0,0.0,0.0,7679.0,3288426.0,0.0,0.0,8089.0,0.0,0.0,,
2023-03-01 03:09:04.388000+00:00,376832.0,35295232.0,38072320.0,38072320.0,5.99,0.344347031,21.65,738170.0,0.0,0.0,7690.0,3293685.0,0.0,0.0,8100.0,0.0,0.0,0.0,0.0
2023-03-01 03:09:09.442000+00:00,376832.0,35295232.0,38084608.0,38084608.0,6.0,0.344347031,21.72,739071.0,0.0,0.0,7700.0,3298878.0,0.0,0.0,8110.0,0.0,,0.0,0.0
2023-03-01 03:09:14.232000+00:00,376832.0,35295232.0,38072320.0,38072320.0,6.0,0.344347031,21.73,740038.0,0.0,0.0,7711.0,3304137.0,0.0,0.0,8121.0,0.0,0.0,0.0,0.0
2023-03-01 03:09:19.344000+00:00,,,38195200.0,38195200.0,6.02,0.344347031,21.79,740939.0,0.0,0.0,7721.0,3309330.0,0.0,0.0,8131.0,0.0,,,
2023-03-01 03:09:24.238000+00:00,385024.0,35295232.0,38076416.0,38076416.0,6.02,0.344347031,21.8,741960.0,0.0,0.0,7733.0,3314663.0,0.0,0.0,8143.0,0.0,0.0,0.0,0.0
2023-03-01 03:09:29.315000+00:00,,,,,6.05,0.344347031,21.86,,,,,,,,,0.0,,,
2023-03-01 03:09:33.479000+00:00,385024.0,35295232.0,38080512.0,38080512.0,6.05,0.344347031,21.86,743894.0,0.0,0.0,7755.0,3325181.0,0.0,0.0,8165.0,0.0,0.0,0.0,0.0
2023-03-01 03:09:38.114000+00:00,385024.0,35295232.0,38072320.0,38072320.0,6.05,0.344347031,21.87,744861.0,0.0,0.0,7766.0,3330440.0,0.0,0.0,8176.0,0.0,,0.0,0.0
2023-03-01 03:09:44.679000+00:00,385024.0,35295232.0,38076416.0,38076416.0,6.07,0.344347031,21.93,745828.0,0.0,0.0,7777.0,3335699.0,0.0,0.0,8187.0,0.0,0.0,0.0,0.0
2023-03-01 03:09:49.045000+00:00,385024.0,,38191104.0,38191104.0,6.09,0.344347031,21.99,746795.0,0.0,0.0,7788.0,3340958.0,0.0,0.0,8198.0,0.0,,0.0,0.0
2023-03-01 03:09:54.543000+00:00,385024.0,35295232.0,38072320.0,38072320.0,6.09,0.344347031,22.0,747816.0,0.0,0.0,7800.0,3346291.0,0.0,0.0,8210.0,0.0,0.0,0.0,0.0
2023-03-01 03:09:58.733000+00:00,385024.0,35295232.0,,,6.09,0.344347031,22.0,,,,,,,,,0.0,0.0,0.0,0.0
2023-03-01 03:10:03.713000+00:00,385024.0,35295232.0,38076416.0,38076416.0,6.1,0.344347031,22.07,749834.0,0.0,0.0,7824.0,3356893.0,0.0,0.0,8234.0,0.0,0.0,0.0,0.0
2023-03-01 03:10:08.799000+00:00,385024.0,35295232.0,38072320.0,38072320.0,6.1,0.098823684,,750801.0,0.0,0.0,7835.0,3362152.0,0.0,0.0,8245.0,0.0,,,0.0
2023-03-01 03:10:13.881000+00:00,385024.0,35295232.0,38084608.0,38084608.0,6.12,0.344347031,22.14,751702.0,0.0,0.0,7845.0,3367345.0,0.0,0.0,8255.0,0.0,0.0,0.0,0.0
2023-03-01 03:10:18.216000+00:00,385024.0,,38072320.0,38072320.0,6.12,0.344347031,22.14,752669.0,0.0,0.0,7856.0,3372604.0,0.0,0.0,8266.0,0.0,,,0.0
2023-03-01 03:10:23.513000+00:00,389120.0,35299328.0,38080512.0,38080512.0,6.14,0.344347031,22.21,753690.0,0.0,0.0,7868.0,3377937.0,0.0,0.0,8278.0,0.0,0.0,0.0,0.0
2023-03-01 03:10:28.680000+00:00,389120.0,,,,6.14,0.344347031,22.22,,,,,,,,,0.0,,,0.0
2023-03-01 03:10:33.139000+00:00,389120.0,35299328.0,38129664.0,38129664.0,6.17,0.344347031,22.27,755624.0,0.0,0.0,7890.0,3388455.0,0.0,0.0,8300.0,0.0,0.0,0.0,0.0
2023-03-01 03:10:38.293000+00:00,389120.0,35299328.0,38080512.0,38080512.0,6.17,0.344347031,22.27,756591.0,0.0,0.0,7901.0,3393714.0,0.0,0.0,8311.0,0.0,,0.0,0.0
2023-03-01 03:10:44.409000+00:00,389120.0,35299328.0,38084608.0,38084608.0,6.18,0.344347031,22.34,757558.0,0.0,0.0,7912.0,3398973.0,0.0,0.0,8322.0,0.0,0.0,0.0,0.0
2023-03-01 03:10:49.354000+00:00,,35299328.0,38076416.0,38076416.0,6.18,0.344347031,22.34,758525.0,0.0,0.0,7923.0,3404232.0,0.0,0.0,8333.0,0.0,0.0,,
2023-03-01 03:10:54.643000+00:00,389120.0,35299328.0,38178816.0,38178816.0,6.2,0.344347031,22.42,759546.0,0.0,0.0,7935.0,3409565.0,0.0,0.0,8345.0,0.0,0.0,0.0,0.0
2023-03-01 03:10:59.837000+00:00,389120.0,35299328.0,,,6.2,0.344347031,22.42,,,,,,,,,0.0,0.0,0.0,0.0
2023-03-01 03:11:04.754000+00:00,389120.0,35299328.0,38125568.0,38125568.0,6.22,0.344347031,22.48,762531.0,0.0,0.0,7970.0,3425426.0,0.0,0.0,8380.0,0.0,0.0,0.0,0.0
2023-03-01 03:11:09.045000+00:00,389120.0,35299328.0,38092800.0,38092800.0,6.22,0.777583898,,762531.0,0.0,0.0,7970.0,3425426.0,0.0,0.0,8380.0,0.0,,,0.0
2023-03-01 03:11:14.465000+00:00,389120.0,35299328.0,38096896.0,38096896.0,6.24,0.344347031,22.55,763498.0,0.0,0.0,7981.0,3430685.0,0.0,0.0,8391.0,0.0,0.0,0.0,0.0
2023-03-01 03:11:19.090000+00:00,389120.0,,38080512.0,38080512.0,6.24,0.344347031,22.56,764465.0,0.0,0.0,7992.0,3435944.0,0.0,0.0,8402.0,0.0,,,0.0
2023-03-01 03:11:24.767000+00:00,393216.0,35299328.0,38096896.0,38096896.0,6.26,0.344347031,22.64,766453.0,0.0,0.0,8015.0,3446536.0,0.0,0.0,8425.0,0.0,0.0,0.0,0.0
2023-03-01 03:11:28.954000+00:00,393216.0,,,,6.26,0.344347031,22.64,,,,,,,,,0.0,,0.0,0.0
2023-03-01 03:11:34.928000+00:00,393216.0,35299328.0,38100992.0,38100992.0,6.28,0.344347031,22.7,768387.0,0.0,0.0,8037.0,3457054.0,0.0,0.0,8447.0,0.0,0.0,0.0,0.0
2023-03-01 03:11:39.901000+00:00,393216.0,35299328.0,38076416.0,38076416.0,6.29,0.344347031,22.7,769354.0,0.0,0.0,8048.0,3462313.0,0.0,0.0,8458.0,0.0,,0.0,0.0
2023-03-01 03:11:44.772000+00:00,393216.0,35299328.0,38129664.0,38129664.0,6.32,0.344347031,22.76,770321.0,0.0,0.0,8059.0,3467572.0,0.0,0.0,8469.0,0.0,0.0,0.0,0.0
2023-03-01 03:11:47.949000+00:00,393216.0,,38088704.0,38088704.0,6.32,0.344347031,22.76,770321.0,0.0,0.0,8059.0,3467572.0,0.0,0.0,8469.0,0.0,,,0.0
2023-03-01 03:11:54.389000+00:00,393216.0,35303424.0,38379520.0,38379520.0,6.32,0.344347031,22.84,771342.0,0.0,0.0,8071.0,3472905.0,0.0,0.0,8481.0,0.0,0.0,0.0,0.0
2023-03-01 03:11:59.474000+00:00,,,,,6.32,0.344347031,22.84,,,,,,,,,0.0,,,
2023-03-01 03:12:04.195000+00:00,393216.0,35303424.0,38268928.0,38268928.0,6.34,0.344347031,22.9,773360.0,0.0,0.0,8095.0,3483507.0,0.0,0.0,8505.0,0.0,0.0,0.0,0.0
2023-03-01 03:12:08.761000+00:00,393216.0,35303424.0,38092800.0,38092800.0,6.34,0.039107014,,774327.0,0.0,0.0,8106.0,3488766.0,0.0,0.0,8516.0,,,0.0,0.0
2023-03-01 03:12:13.922000+00:00,393216.0,35303424.0,38555648.0,38555648.0,6.38,0.344347031,22.96,775294.0,0.0,0.0,8117.0,3494025.0,0.0,0.0,8527.0,0.0,0.0,0.0,0.0
2023-03-01 03:12:19.134000+00:00,393216.0,,38096896.0,38096896.0,6.38,0.344347031,22.97,776261.0,0.0,0.0,8128.0,3499284.0,0.0,0.0,8538.0,0.0,,,0.0
2023-03-01 03:12:24.087000+00:00,397312.0,35303424.0,38318080.0,38318080.0,6.4,0.344347031,23.04,777282.0,0.0,0.0,8140.0,3504617.0,0.0,0.0,8550.0,0.0,0.0,0.0,0.0
2023-03-01 03:12:29.264000+00:00,397312.0,35303424.0,38100992.0,,6.4,0.344347031,23.04,,,,,,,,,0.0,0.0,0.0,0.0
2023-03-01 03:12:34.203000+00:00,397312.0,35303424.0,38596608.0,38596608.0,6.42,0.344835625,23.1,779216.0,0.0,0.0,8162.0,3515135.0,0.0,0.0,8572.0,0.0,0.0,0.0,0.0
2023-03-01 03:12:39.089000+00:00,397312.0,35303424.0,38092800.0,38092800.0,6.42,0.344835625,23.11,780183.0,0.0,0.0,8173.0,3520394.0,0.0,0.0,8583.0,0.0,,0.0,0.0
2023-03-01 03:12:43.880000+00:00,397312.0,35303424.0,38080512.0,38080512.0,6.42,0.344835625,23.12,781150.0,0.0,0.0,8184.0,3525653.0,0.0,0.0,8594.0,0.0,0.0,0.0,0.0
2023-03-01 03:12:48.254000+00:00,397312.0,,38088704.0,38088704.0,6.44,0.344835625,23.18,782117.0,0.0,0.0,8195.0,3530912.0,0.0,0.0,8605.0,0.0,,,0.0
2023-03-01 03:12:54.630000+00:00,397312.0,35303424.0,38580224.0,38580224.0,6.44,0.344835625,23.26,783138.0,0.0,0.0,8207.0,3536245.0,0.0,0.0,8617.0,0.0,0.0,0.0,0.0
2023-03-01 03:12:58.432000+00:00,397312.0,,,,6.44,0.344835625,23.26,,,,,,,,,0.0,,,0.0
2023-03-01 03:13:03.183000+00:00,397312.0,35303424.0,38080512.0,38080512.0,6.44,0.344835625,23.27,785156.0,0.0,0.0,8231.0,3546847.0,0.0,0.0,8641.0,0.0,0.0,0.0,0.0
2023-03-01 03:13:09.555000+00:00,397312.0,35303424.0,38109184.0,38109184.0,6.46,0.344835625,23.33,786123.0,0.0,0.0,8242.0,3552106.0,0.0,0.0,8652.0,0.0,,0.0,0.0
2023-03-01 03:13:14.541000+00:00,397312.0,35303424.0,38080512.0,38080512.0,6.46,0.344835625,23.34,787024.0,0.0,0.0,8252.0,3557299.0,0.0,0.0,8662.0,0.0,0.0,0.0,0.0
2023-03-01 03:13:18.647000+00:00,,,38088704.0,38088704.0,6.49,0.344835625,23.4,787991.0,0.0,0.0,8263.0,3562558.0,0.0,0.0,8673.0,0.0,,,
2023-03-01 03:13:23.179000+00:00,401408.0,35303424.0,38207488.0,38207488.0,6.5,0.344835625,23.41,789012.0,0.0,0.0,8275.0,3567891.0,0.0,0.0,8685.0,0.0,0.0,0.0,0.0
2023-03-01 03:13:29.309000+00:00,,,,,6.52,0.344835625,23.46,,,,,,,,,0.0,,,
2023-03-01 03:13:34.581000+00:00,401408.0,35303424.0,38080512.0,38080512.0,6.52,0.344835625,23.47,790946.0,0.0,0.0,8297.0,3578409.0,0.0,0.0,8707.0,0.0,0.0,0.0,0.0
2023-03-01 03:13:39.387000+00:00,401408.0,35303424.0,38141952.0,38141952.0,6.54,0.895513512,,791913.0,0.0,0.0,8308.0,3583668.0,0.0,0.0,8718.0,,,0.0,0.0
2023-03-01 03:13:44.468000+00:00,401408.0,35303424.0,38080512.0,38080512.0,6.54,0.344835625,23.54,792880.0,0.0,0.0,8319.0,3588927.0,0.0,0.0,8729.0,0.0,0.0,0.0,0.0
2023-03-01 03:13:49.757000+00:00,401408.0,,38080512.0,38080512.0,6.57,0.344835625,23.6,794814.0,0.0,0.0,8341.0,3599445.0,0.0,0.0,8751.0,0.0,,,0.0
2023-03-01 03:13:54.411000+00:00,401408.0,35303424.0,38080512.0,38080512.0,6.57,0.344835625,23.6,794868.0,0.0,0.0,8342.0,3599519.0,0.0,0.0,8752.0,0.0,0.0,0.0,0.0
2023-03-01 03:13:59.228000+00:00,401408.0,35303424.0,,,6.6,0.344835625,23.66,,,,,,,,,0.0,0.0,0.0,0.0
2023-03-01 03:14:04.646000+00:00,401408.0,35303424.0,38080512.0,38080512.0,6.6,0.344835625,23.67,796886.0,0.0,0.0,8366.0,3610121.0,0.0,0.0,8776.0,0.0,0.0,0.0,0.0
2023-03-01 03:14:09.417000+00:00,401408.0,35303424.0,38158336.0,38158336.0,6.61,0.344835625,23.74,797853.0,0.0,0.0,8377.0,3615380.0,0.0,0.0,8787.0,0.0,,0.0,0.0
2023-03-01 03:14:14.322000+00:00,401408.0,35303424.0,38096896.0,38096896.0,6.61,0.344835625,23.74,798820.0,0.0,0.0,8388.0,3620639.0,0.0,0.0,8798.0,0.0,0.0,0.0,0.0
2023-03-01 03:14:19.685000+00:00,401408.0,,38207488.0,38207488.0,6.64,0.344835625,23.8,799787.0,0.0,0.0,8399.0,3625898.0,0.0,0.0,8809.0,0.0,,,0.0
2023-03-01 03:14:24.357000+00:00,409600.0,35303424.0,38207488.0,38207488.0,6.64,0.344835625,23.81,800808.0,0.0,0.0,8411.0,3631231.0,0.0,0.0,8821.0,0.0,0.0,0.0,0.0
2023-03-01 03:14:29.816000+00:00,409600.0,35303424.0,,,6.67,0.344835625,23.87,,,,,,,,,0.0,0.0,0.0,0.0
2023-03-01 03:14:33.878000+00:00,409600.0,35303424.0,38084608.0,38084608.0,6.67,0.344835625,23.87,802742.0,0.0,0.0,8433.0,3641749.0,0.0,0.0,8843.0,0.0,0.0,0.0,0.0
2023-03-01 03:14:39.040000+00:00,,35303424.0,38240256.0,38240256.0,6.69,0.073175338,,803709.0,0.0,0.0,8444.0,3647008.0,0.0,0.0,8854.0,,,,
2023-03-01 03:14:43.970000+00:00,409600.0,35303424.0,38100992.0,38100992.0,6.69,0.344835625,23.94,804676.0,0.0,0.0,8455.0,3652267.0,0.0,0.0,8865.0,0.0,0.0,0.0,0.0
2023-03-01 03:14:49.565000+00:00,409600.0,,,38309888.0,6.72,,,805643.0,0.0,0.0,8466.0,3657526.0,0.0,0.0,8876.0,0.0,,,0.0
2023-03-01 03:14:53.994000+00:00,409600.0,35303424.0,38207488.0,38207488.0,6.72,0.344835625,24.02,806664.0,0.0,0.0,8478.0,3662859.0,0.0,0.0,8888.0,0.0,0.0,0.0,0.0
2023-03-01 03:14:58.672000+00:00,409600.0,35512320.0,39002112.0,,6.73,0.345051682,24.02,,,,,,,,,0.0,0.0,0.0,0.0
2023-03-01 03:15:04.786000+00:00,409600.0,35303424.0,38211584.0,38211584.0,6.74,0.345126174,24.08,809649.0,0.0,0.0,8513.0,3678720.0,0.0,0.0,8923.0,0.0,0.0,0.0,0.0
2023-03-01 03:15:09.578000+00:00,409600.0,35303424.0,38412288.0,38412288.0,6.77,0.345126174,,809649.0,0.0,0.0,8513.0,3678720.0,0.0,0.0,8923.0,,,0.0,0.0
2023-03-01 03:15:14.785000+00:00,409600.0,35303424.0,38080512.0,38080512.0,6.77,0.345126174,24.14,811583.0,0.0,0.0,8535.0,3689238.0,0.0,0.0,8945.0,0.0,0.0,0.0,0.0
2023-03-01 03:15:19.752000+00:00,409600.0,,,38477824.0,6.78,0.345126174,24.21,812550.0,0.0,0.0,8546.0,3694497.0,0.0,0.0,8956.0,0.0,,0.0,0.0
2023-03-01 03:15:24.540000+00:00,413696.0,35303424.0,38080512.0,38080512.0,6.78,0.345126174,24.22,812604.0,0.0,0.0,8547.0,3694571.0,0.0,0.0,8957.0,0.0,0.0,0.0,0.0
2023-03-01 03:15:29.699000+00:00,413696.0,35303424.0,38629376.0,,6.81,0.345126174,24.28,,,,,,,,,0.0,0.0,0.0,0.0
2023-03-01 03:15:34.488000+00:00,413696.0,35303424.0,38096896.0,38096896.0,6.81,0.345126174,24.28,814538.0,0.0,0.0,8569.0,3705089.0,0.0,0.0,8979.0,0.0,0.0,0.0,0.0
2023-03-01 03:15:38.799000+00:00,413696.0,35303424.0,38080512.0,38080512.0,6.81,0.282490346,,815505.0,0.0,0.0,8580.0,3710348.0,0.0,0.0,8990.0,,,,0.0
2023-03-01 03:15:44.681000+00:00,413696.0,35303424.0,38100992.0,38100992.0,6.84,0.345126174,24.34,816472.0,0.0,0.0,8591.0,3715607.0,0.0,0.0,9001.0,0.0,0.0,0.0,0.0
2023-03-01 03:15:48.630000+00:00,413696.0,,,38080512.0,6.84,0.345126174,24.34,817439.0,0.0,0.0,8602.0,3720866.0,0.0,0.0,9012.0,0.0,,0.0,0.0
2023-03-01 03:15:53.863000+00:00,413696.0,35303424.0,38080512.0,38080512.0,6.86,0.345126174,24.42,818460.0,0.0,0.0,8614.0,3726199.0,0.0,0.0,9024.0,0.0,0.0,0.0,0.0
2023-03-01 03:15:59.031000+00:00,413696.0,,,,6.86,0.345126174,24.42,,,,,,,,,0.0,,0.0,0.0
2023-03-01 03:16:04.560000+00:00,413696.0,35303424.0,38100992.0,38100992.0,6.88,0.345798641,24.49,820412.0,0.0,0.0,8637.0,3736735.0,0.0,0.0,9047.0,0.0,0.0,0.0,0.0
2023-03-01 03:16:09.001000+00:00,413696.0,35303424.0,38080512.0,38080512.0,6.88,0.345798641,24.49,821379.0,0.0,0.0,8648.0,3741994.0,0.0,0.0,9058.0,0.0,,,0.0
2023-03-01 03:16:14.061000+00:00,413696.0,35303424.0,38129664.0,38129664.0,6.9,0.345798641,24.54,822346.0,0.0,0.0,8659.0,3747253.0,0.0,0.0,9069.0,0.0,0.0,0.0,0.0
2023-03-01 03:16:18.930000+00:00,413696.0,,38080512.0,38080512.0,6.9,0.345798641,24.55,823313.0,0.0,0.0,8670.0,3752512.0,0.0,0.0,9080.0,0.0,,,0.0
2023-03-01 03:16:24.030000+00:00,417792.0,35303424.0,38207488.0,38207488.0,6.92,0.345798641,24.62,824334.0,0.0,0.0,8682.0,3757845.0,0.0,0.0,9092.0,0.0,0.0,0.0,0.0
2023-03-01 03:16:28.993000+00:00,417792.0,,,,6.92,0.345798641,24.62,,,,,,,,,0.0,,0.0,0.0
2023-03-01 03:16:34.334000+00:00,417792.0,35303424.0,38187008.0,38187008.0,6.94,0.345798641,24.68,826268.0,0.0,0.0,8704.0,3768363.0,0.0,0.0,9114.0,0.0,0.0,0.0,0.0
2023-03-01 03:16:38.874000+00:00,417792.0,35303424.0,38080512.0,38080512.0,6.94,0.345798641,24.68,827235.0,0.0,0.0,8715.0,3773622.0,0.0,0.0,9125.0,0.0,0.0,0.0,0.0
2023-03-01 03:16:43.816000+00:00,417792.0,35303424.0,38117376.0,38117376.0,6.96,0.345798641,24.74,828202.0,0.0,0.0,8726.0,3778881.0,0.0,0.0,9136.0,0.0,0.0,0.0,0.0
2023-03-01 03:16:48.946000+00:00,,35303424.0,38080512.0,38080512.0,6.96,0.345798641,24.75,829169.0,0.0,0.0,8737.0,3784140.0,0.0,0.0,9147.0,0.0,,,
2023-03-01 03:16:54.674000+00:00,417792.0,35303424.0,38166528.0,38166528.0,6.98,0.345798641,24.81,830190.0,0.0,0.0,8749.0,3789473.0,0.0,0.0,9159.0,0.0,0.0,0.0,0.0
2023-03-01 03:16:59.786000+00:00,417792.0,,,,6.98,0.345798641,24.82,,,,,,,,,0.0,,0.0,0.0
2023-03-01 03:17:03.288000+00:00,417792.0,35303424.0,38100992.0,38100992.0,7.0,0.345798641,24.87,832208.0,0.0,0.0,8773.0,3800075.0,0.0,0.0,9183.0,0.0,0.0,0.0,0.0
2023-03-01 03:17:09.186000+00:00,417792.0,35303424.0,38080512.0,38080512.0,7.0,0.345798641,24.88,833175.0,0.0,0.0,8784.0,3805334.0,0.0,0.0,9194.0,0.0,0.0,0.0,0.0
2023-03-01 03:17:14.836000+00:00,417792.0,35303424.0,38301696.0,38301696.0,7.03,0.345798641,24.94,835109.0,0.0,0.0,8806.0,3815852.0,0.0,0.0,9216.0,0.0,0.0,0.0,0.0
2023-03-01 03:17:19.504000+00:00,417792.0,35303424.0,38109184.0,38109184.0,7.03,,,835109.0,0.0,0.0,8806.0,3815852.0,0.0,0.0,9216.0,,,,0.0
2023-03-01 03:17:23.536000+00:00,421888.0,35303424.0,38273024.0,38273024.0,7.06,0.345798641,24.99,836130.0,0.0,0.0,8818.0,3821185.0,0.0,0.0,9228.0,0.0,0.0,0.0,0.0
2023-03-01 03:17:28.702000+00:00,,35303424.0,,,7.06,0.345798641,25.0,,,,,,,,,0.0,0.0,0.0,
2023-03-01 03:17:33.181000+00:00,421888.0,35303424.0,38477824.0,38477824.0,7.08,0.345798641,25.06,838064.0,0.0,0.0,8840.0,3831703.0,0.0,0.0,9250.0,0.0,0.0,0.0,0.0
2023-03-01 03:17:38.518000+00:00,,35303424.0,38092800.0,38092800.0,7.08,,,839031.0,0.0,0.0,8851.0,3836962.0,0.0,0.0,9261.0,,0.0,,
2023-03-01 03:17:44.044000+00:00,421888.0,35303424.0,38187008.0,38187008.0,7.09,0.345798641,25.13,839998.0,0.0,0.0,8862.0,3842221.0,0.0,0.0,9272.0,0.0,0.0,0.0,0.0
2023-03-01 03:17:49.697000+00:00,,35303424.0,38105088.0,38105088.0,7.09,,,840965.0,0.0,0.0,8873.0,3847480.0,0.0,0.0,9283.0,,,,
2023-03-01 03:17:54.447000+00:00,421888.0,35303424.0,38256640.0,38256640.0,7.1,0.345798641,25.21,841986.0,0.0,0.0,8885.0,3852813.0,0.0,0.0,9295.0,0.0,0.0,0.0,0.0
2023-03-01 03:17:58.688000+00:00,421888.0,35303424.0,38096896.0,,7.1,0.345798641,25.21,,,,,,,,,0.0,0.0,0.0,0.0
2023-03-01 03:18:03.921000+00:00,421888.0,35303424.0,38338560.0,38338560.0,7.11,0.345798641,25.29,844004.0,0.0,0.0,8909.0,3863415.0,0.0,0.0,9319.0,0.0,0.0,0.0,0.0
2023-03-01 03:18:09.135000+00:00,421888.0,35303424.0,38092800.0,38092800.0,7.11,0.345798641,25.29,844971.0,0.0,0.0,8920.0,3868674.0,0.0,0.0,9330.0,0.0,0.0,0.0,0.0
2023-03-01 03:18:13.631000+00:00,421888.0,35303424.0,38080512.0,38080512.0,7.11,0.345798641,25.3,845938.0,0.0,0.0,8931.0,3873933.0,0.0,0.0,9341.0,0.0,0.0,0.0,0.0
2023-03-01 03:18:18.479000+00:00,421888.0,35303424.0,38100992.0,38100992.0,7.13,0.345798641,25.36,846905.0,0.0,0.0,8942.0,3879192.0,0.0,0.0,9352.0,0.0,0.0,0.0,0.0
2023-03-01 03:18:23.624000+00:00,425984.0,35303424.0,38080512.0,38080512.0,7.13,0.345798641,25.36,847926.0,0.0,0.0,8954.0,3884525.0,0.0,0.0,9364.0,0.0,0.0,0.0,0.0
2023-03-01 03:18:28.070000+00:00,425984.0,,,,7.15,0.345798641,25.42,,,,,,,,,0.0,,0.0,0.0
2023-03-01 03:18:34.663000+00:00,425984.0,35303424.0,38248448.0,38248448.0,7.17,0.345798641,25.48,849902.0,0.0,0.0,8977.0,3895085.0,0.0,0.0,9387.0,0.0,0.0,0.0,0.0
2023-03-01 03:18:39.626000+00:00,425984.0,,38084608.0,38084608.0,7.17,0.345798641,25.49,850869.0,0.0,0.0,8988.0,3900344.0,0.0,0.0,9398.0,0.0,,,0.0
2023-03-01 03:18:44.400000+00:00,425984.0,35303424.0,38080512.0,38080512.0,7.17,0.345798641,25.49,851836.0,0.0,0.0,8999.0,3905603.0,0.0,0.0,9409.0,0.0,0.0,0.0,0.0
2023-03-01 03:18:48.820000+00:00,,35303424.0,38080512.0,38080512.0,7.19,0.345798641,25.56,852803.0,0.0,0.0,9010.0,3910862.0,0.0,0.0,9420.0,0.0,,,
2023-03-01 03:18:54.159000+00:00,425984.0,35303424.0,38084608.0,38084608.0,7.19,0.345798641,25.57,853824.0,0.0,0.0,9022.0,3916195.0,0.0,0.0,9432.0,0.0,0.0,0.0,0.0
2023-03-01 03:18:59.520000+00:00,425984.0,,,,7.2,0.345798641,25.64,,,,,,,,,0.0,,0.0,0.0
2023-03-01 03:19:04.008000+00:00,425984.0,35303424.0,38080512.0,38080512.0,7.2,0.345798641,25.65,855842.0,0.0,0.0,9046.0,3926797.0,0.0,0.0,9456.0,0.0,0.0,0.0,0.0
2023-03-01 03:19:09.783000+00:00,425984.0,,38080512.0,38080512.0,7.22,0.345798641,25.72,857776.0,0.0,0.0,9068.0,3937315.0,0.0,0.0,9478.0,0.0,,,0.0
2023-03-01 03:19:14.710000+00:00,425984.0,35303424.0,38080512.0,38080512.0,7.22,0.345798641,25.72,857776.0,0.0,0.0,9068.0,3937315.0,0.0,0.0,9478.0,0.0,0.0,0.0,0.0
2023-03-01 03:19:18.742000+00:00,425984.0,35303424.0,38174720.0,38174720.0,7.23,0.346056867,25.78,858743.0,0.0,0.0,9079.0,3942574.0,0.0,0.0,9489.0,0.0,0.0,0.0,0.0
2023-03-01 03:19:24.572000+00:00,434176.0,35303424.0,38084608.0,38084608.0,7.24,0.346056867,25.79,859764.0,0.0,0.0,9091.0,3947907.0,0.0,0.0,9501.0,0.0,0.0,0.0,0.0
2023-03-01 03:19:28.831000+00:00,434176.0,,,,7.24,0.346056867,25.86,,,,,,,,,0.0,,0.0,0.0
2023-03-01 03:19:34.476000+00:00,434176.0,35303424.0,38084608.0,38084608.0,7.24,0.346056867,25.86,861740.0,0.0,0.0,9114.0,3958467.0,0.0,0.0,9524.0,0.0,0.0,0.0,0.0
2023-03-01 03:19:38.955000+00:00,434176.0,35303424.0,38088704.0,38088704.0,7.26,0.368299766,25.92,862641.0,0.0,0.0,9124.0,3963660.0,0.0,0.0,9534.0,0.0,0.0,0.0,0.0
2023-03-01 03:19:44.741000+00:00,434176.0,35303424.0,38211584.0,38211584.0,7.26,0.368299766,25.93,864575.0,0.0,0.0,9146.0,3974178.0,0.0,0.0,9556.0,0.0,0.0,0.0,0.0
2023-03-01 03:19:49.568000+00:00,434176.0,35303424.0,38080512.0,38080512.0,7.28,0.368299766,26.0,864575.0,0.0,0.0,9146.0,3974178.0,0.0,0.0,9556.0,0.0,0.0,0.0,0.0
2023-03-01 03:19:54.106000+00:00,434176.0,35303424.0,38084608.0,38084608.0,7.28,0.368299766,26.01,865596.0,0.0,0.0,9158.0,3979511.0,0.0,0.0,9568.0,0.0,0.0,0.0,0.0
2023-03-01 03:19:58.618000+00:00,,,,,7.3,0.36934961,26.07,,,,,,,,,0.0,,,
2023-03-01 03:20:04.480000+00:00,434176.0,35303424.0,38080512.0,38080512.0,7.3,0.36934961,26.08,867614.0,0.0,0.0,9182.0,3990113.0,0.0,0.0,9592.0,0.0,0.0,0.0,0.0
2023-03-01 03:20:09.408000+00:00,434176.0,35303424.0,38080512.0,38080512.0,7.32,0.36934961,26.14,868581.0,0.0,0.0,9193.0,3995372.0,0.0,0.0,9603.0,0.0,0.0,0.0,0.0
2023-03-01 03:20:14.215000+00:00,434176.0,35303424.0,38080512.0,38080512.0,7.32,0.36934961,26.14,869548.0,0.0,0.0,9204.0,4000631.0,0.0,0.0,9614.0,0.0,0.0,0.0,0.0
2023-03-01 03:20:18.901000+00:00,434176.0,35303424.0,38121472.0,38121472.0,7.34,0.36934961,26.21,870515.0,0.0,0.0,9215.0,4005890.0,0.0,0.0,9625.0,0.0,,0.0,0.0
2023-03-01 03:20:24.782000+00:00,438272.0,35303424.0,38211584.0,38211584.0,7.34,0.36934961,26.22,872503.0,0.0,0.0,9238.0,4016482.0,0.0,0.0,9648.0,0.0,0.0,0.0,0.0
2023-03-01 03:20:29.852000+00:00,438272.0,35303424.0,38084608.0,,7.35,0.36934961,26.29,,,,,,,,,0.0,0.0,0.0,0.0
2023-03-01 03:20:34.751000+00:00,438272.0,35303424.0,38080512.0,38080512.0,7.35,0.36934961,26.29,874479.0,0.0,0.0,9261.0,4027042.0,0.0,0.0,9671.0,0.0,0.0,0.0,0.0
2023-03-01 03:20:39.417000+00:00,438272.0,,38129664.0,38129664.0,7.37,0.36934961,26.36,874479.0,0.0,0.0,9261.0,4027042.0,0.0,0.0,9671.0,0.0,,0.0,0.0
2023-03-01 03:20:43.594000+00:00,438272.0,35303424.0,38084608.0,38084608.0,7.37,0.36934961,26.36,875446.0,0.0,0.0,9272.0,4032301.0,0.0,0.0,9682.0,0.0,0.0,0.0,0.0
2023-03-01 03:20:49.546000+00:00,438272.0,35303424.0,38105088.0,38105088.0,7.39,0.36934961,26.42,876413.0,0.0,0.0,9283.0,4037560.0,0.0,0.0,9693.0,0.0,0.0,0.0,0.0
2023-03-01 03:20:54.597000+00:00,438272.0,35303424.0,38080512.0,38080512.0,7.39,0.36934961,26.43,877434.0,0.0,0.0,9295.0,4042893.0,0.0,0.0,9705.0,0.0,0.0,0.0,0.0
2023-03-01 03:20:59.703000+00:00,438272.0,,,,7.4,0.36934961,26.5,,,,,,,,,0.0,,0.0,0.0
2023-03-01 03:21:03.672000+00:00,438272.0,35303424.0,38084608.0,38084608.0,7.4,0.36934961,26.5,879452.0,0.0,0.0,9319.0,4053495.0,0.0,0.0,9729.0,0.0,0.0,0.0,0.0
2023-03-01 03:21:09.763000+00:00,,,38277120.0,38277120.0,7.42,,,881386.0,0.0,0.0,9341.0,4064013.0,0.0,0.0,9751.0,,,,
2023-03-01 03:21:14.465000+00:00,438272.0,35303424.0,38096896.0,38096896.0,7.42,0.36934961,26.57,881386.0,0.0,0.0,9341.0,4064013.0,0.0,0.0,9751.0,0.0,0.0,0.0,0.0
2023-03-01 03:21:19.243000+00:00,,35303424.0,38080512.0,38080512.0,7.42,,,882353.0,0.0,0.0,9352.0,4069272.0,0.0,0.0,9762.0,,,,
2023-03-01 03:21:24.811000+00:00,442368.0,35303424.0,38096896.0,38096896.0,7.44,0.36934961,26.64,884341.0,0.0,0.0,9375.0,4079864.0,0.0,0.0,9785.0,0.0,0.0,0.0,0.0
2023-03-01 03:21:29.189000+00:00,442368.0,35303424.0,38080512.0,38080512.0,7.44,0.36934961,26.64,,,,,,,,,0.0,0.0,0.0,0.0
2023-03-01 03:21:34.696000+00:00,442368.0,35303424.0,38109184.0,38109184.0,7.47,0.36934961,26.7,885350.0,0.0,0.0,9387.0,4085165.0,0.0,0.0,9797.0,0.0,0.0,0.0,0.0
2023-03-01 03:21:39.752000+00:00,442368.0,35303424.0,38211584.0,38211584.0,7.47,0.36934961,26.7,887284.0,0.0,0.0,9409.0,4095683.0,0.0,0.0,9819.0,0.0,,,0.0
2023-03-01 03:21:44.621000+00:00,442368.0,35303424.0,38096896.0,38096896.0,7.49,0.36934961,26.76,887284.0,0.0,0.0,9409.0,4095683.0,0.0,0.0,9819.0,0.0,0.0,0.0,0.0
2023-03-01 03:21:49.328000+00:00,442368.0,35303424.0,38080512.0,38080512.0,7.49,0.36934961,26.76,888251.0,0.0,0.0,9420.0,4100942.0,0.0,0.0,9830.0,0.0,,0.0,0.0
2023-03-01 03:21:53.788000+00:00,442368.0,35303424.0,38146048.0,38146048.0,7.5,0.36934961,26.84,889272.0,0.0,0.0,9432.0,4106275.0,0.0,0.0,9842.0,0.0,0.0,0.0,0.0
2023-03-01 03:21:58.975000+00:00,442368.0,35303424.0,38084608.0,38084608.0,7.5,0.36934961,26.84,890323.0,,,,,,,,0.0,0.0,0.0,0.0
2023-03-01 03:22:03.896000+00:00,442368.0,35303424.0,38088704.0,38088704.0,7.51,0.36934961,26.92,891290.0,0.0,0.0,9456.0,4116877.0,0.0,0.0,9866.0,0.0,0.0,0.0,0.0
2023-03-01 03:22:08.903000+00:00,442368.0,35303424.0,38080512.0,38080512.0,7.51,0.36934961,26.92,892257.0,0.0,0.0,9467.0,4122136.0,0.0,0.0,9877.0,0.0,0.0,0.0,0.0
2023-03-01 03:22:14.389000+00:00,442368.0,35303424.0,38092800.0,38092800.0,7.53,0.389569835,26.98,893224.0,0.0,0.0,9478.0,4127395.0,0.0,0.0,9888.0,0.0,0.0,0.0,0.0
2023-03-01 03:22:19.376000+00:00,,35303424.0,38080512.0,38080512.0,7.53,0.389569835,26.98,894191.0,0.0,0.0,9489.0,4132654.0,0.0,0.0,9899.0,0.0,,,
2023-03-01 03:22:23.928000+00:00,446464.0,35303424.0,38113280.0,38113280.0,7.55,0.389569835,27.05,895212.0,0.0,0.0,9501.0,4137987.0,0.0,0.0,9911.0,0.0,0.0,0.0,0.0
2023-03-01 03:22:28.334000+00:00,446464.0,,,,7.55,0.389569835,27.06,,,,,,,,,0.0,,0.0,0.0
2023-03-01 03:22:34.152000+00:00,446464.0,35303424.0,38256640.0,38256640.0,7.57,0.389569835,27.12,897188.0,0.0,0.0,9524.0,4148547.0,0.0,0.0,9934.0,0.0,0.0,0.0,0.0
2023-03-01 03:22:38.885000+00:00,446464.0,35303424.0,38084608.0,38084608.0,7.57,0.389569835,27.12,898155.0,0.0,0.0,9535.0,4153806.0,0.0,0.0,9945.0,0.0,0.0,0.0,0.0
2023-03-01 03:22:44.072000+00:00,446464.0,35303424.0,38117376.0,38117376.0,7.59,0.389569835,27.19,899122.0,0.0,0.0,9546.0,4159065.0,0.0,0.0,9956.0,0.0,0.0,0.0,0.0
2023-03-01 03:22:49.744000+00:00,446464.0,35303424.0,38080512.0,38080512.0,7.59,0.389569835,27.2,901056.0,0.0,0.0,9568.0,4169583.0,0.0,0.0,9978.0,0.0,,0.0,0.0
2023-03-01 03:22:54.534000+00:00,446464.0,35303424.0,38117376.0,38117376.0,7.61,0.389569835,27.26,901110.0,0.0,0.0,9569.0,4169657.0,0.0,0.0,9979.0,0.0,0.0,0.0,0.0
2023-03-01 03:22:59.658000+00:00,446464.0,35303424.0,38084608.0,38084608.0,7.61,0.389569835,27.26,902119.0,,,,,,,,0.0,0.0,0.0,0.0
2023-03-01 03:23:04.097000+00:00,446464.0,35303424.0,38141952.0,38141952.0,7.63,0.389569835,27.32,903086.0,0.0,0.0,9592.0,4180217.0,0.0,0.0,10002.0,0.0,0.0,0.0,0.0
2023-03-01 03:23:09.278000+00:00,,,38084608.0,38084608.0,7.63,0.389569835,27.32,904053.0,0.0,0.0,9603.0,4185476.0,0.0,0.0,10013.0,0.0,,,
2023-03-01 03:23:14.547000+00:00,446464.0,35303424.0,38158336.0,38158336.0,7.64,0.389569835,27.39,905020.0,0.0,0.0,9614.0,4190735.0,0.0,0.0,10024.0,0.0,0.0,0.0,0.0
2023-03-01 03:23:19.210000+00:00,446464.0,35303424.0,38080512.0,38080512.0,7.64,0.389569835,27.4,905987.0,0.0,0.0,9625.0,4195994.0,0.0,0.0,10035.0,0.0,,0.0,0.0
2023-03-01 03:23:23.988000+00:00,450560.0,35307520.0,38531072.0,38531072.0,7.65,0.389569835,27.47,907008.0,0.0,0.0,9637.0,4201327.0,0.0,0.0,10047.0,0.0,0.0,0.0,0.0
2023-03-01 03:23:28.065000+00:00,450560.0,35307520.0,38105088.0,38105088.0,7.65,0.389569835,27.47,908017.0,,,,,,,,0.0,0.0,0.0,0.0
2023-03-01 03:23:34.667000+00:00,450560.0,35307520.0,38223872.0,38223872.0,7.67,0.389569835,27.54,908984.0,0.0,0.0,9660.0,4211887.0,0.0,0.0,10070.0,0.0,0.0,0.0,0.0
2023-03-01 03:23:39.803000+00:00,,,38084608.0,38084608.0,7.67,,,910918.0,0.0,0.0,9682.0,4222405.0,0.0,0.0,10092.0,,,,
2023-03-01 03:23:44.731000+00:00,450560.0,35307520.0,38223872.0,38223872.0,7.68,0.390006266,27.61,911357.0,0.0,0.0,9685.0,4222545.0,0.0,0.0,10094.0,0.0,0.0,0.0,0.0
2023-03-01 03:23:48.714000+00:00,450560.0,35307520.0,38096896.0,38096896.0,7.68,0.390006266,27.62,911885.0,0.0,0.0,9693.0,4227664.0,0.0,0.0,10103.0,0.0,,0.0,0.0
2023-03-01 03:23:54.761000+00:00,450560.0,35491840.0,38428672.0,38428672.0,7.68,0.390006266,27.63,913873.0,0.0,0.0,9716.0,4238256.0,0.0,0.0,10126.0,0.0,0.0,0.0,0.0
2023-03-01 03:23:58.440000+00:00,450560.0,,,,7.69,0.39047491,27.7,,,,,,,,,0.0,,0.0,0.0
2023-03-01 03:24:03.746000+00:00,450560.0,35307520.0,38084608.0,38084608.0,7.69,0.39047491,27.71,914882.0,0.0,0.0,9728.0,4243557.0,0.0,0.0,10138.0,0.0,0.0,0.0,0.0
2023-03-01 03:24:09.191000+00:00,450560.0,,38100992.0,38100992.0,7.7,0.39047491,27.77,915849.0,0.0,0.0,9739.0,4248816.0,0.0,0.0,10149.0,0.0,,,0.0
2023-03-01 03:24:14.289000+00:00,450560.0,35307520.0,38084608.0,38084608.0,7.7,0.39047491,27.78,916816.0,0.0,0.0,9750.0,4254075.0,0.0,0.0,10160.0,0.0,0.0,0.0,0.0
2023-03-01 03:24:19.786000+00:00,450560.0,35307520.0,38084608.0,38084608.0,7.73,0.39047491,27.84,918750.0,0.0,0.0,9772.0,4264593.0,0.0,0.0,10182.0,0.0,,0.0,0.0
2023-03-01 03:24:23.491000+00:00,458752.0,35307520.0,38088704.0,38088704.0,7.73,0.39047491,27.85,918804.0,0.0,0.0,9773.0,4264667.0,0.0,0.0,10183.0,0.0,0.0,0.0,0.0
2023-03-01 03:24:29.650000+00:00,458752.0,,,,7.75,0.39047491,27.9,,,,,,,,,0.0,,0.0,0.0
2023-03-01 03:24:34.251000+00:00,458752.0,35307520.0,38084608.0,38084608.0,7.75,0.39047491,27.91,920780.0,0.0,0.0,9796.0,4275227.0,0.0,0.0,10206.0,0.0,0.0,0.0,0.0
2023-03-01 03:24:39.726000+00:00,458752.0,,38113280.0,38113280.0,7.76,0.39047491,27.98,921747.0,0.0,0.0,9807.0,4280486.0,0.0,0.0,10217.0,0.0,,0.0,0.0
2023-03-01 03:24:43.233000+00:00,458752.0,35307520.0,38084608.0,38084608.0,7.76,0.39047491,27.98,922714.0,0.0,0.0,9818.0,4285745.0,0.0,0.0,10228.0,0.0,0.0,0.0,0.0
2023-03-01 03:24:49.193000+00:00,,35307520.0,38105088.0,38105088.0,7.78,0.39047491,28.04,923681.0,0.0,0.0,9829.0,4291004.0,0.0,0.0,10239.0,0.0,0.0,0.0,
2023-03-01 03:24:53.981000+00:00,458752.0,35307520.0,38084608.0,38084608.0,7.78,0.39047491,28.04,924702.0,0.0,0.0,9841.0,4296337.0,0.0,0.0,10251.0,0.0,0.0,0.0,0.0
2023-03-01 03:24:59.034000+00:00,458752.0,,,,7.8,,,,,,,,,,,,,0.0,0.0
2023-03-01 03:25:03.591000+00:00,458752.0,35307520.0,38084608.0,38084608.0,7.8,0.39047491,28.11,926678.0,0.0,0.0,9864.0,4306897.0,0.0,0.0,10274.0,0.0,0.0,0.0,0.0
2023-03-01 03:25:08.351000+00:00,458752.0,,38100992.0,38100992.0,7.81,0.39047491,28.18,927645.0,0.0,0.0,9875.0,4312156.0,0.0,0.0,10285.0,0.0,,,0.0
2023-03-01 03:25:13.734000+00:00,458752.0,35307520.0,38084608.0,38084608.0,7.81,0.39047491,28.18,928612.0,0.0,0.0,9886.0,4317415.0,0.0,0.0,10296.0,0.0,0.0,0.0,0.0
2023-03-01 03:25:19.136000+00:00,458752.0,,,38121472.0,7.83,,,929579.0,0.0,0.0,9897.0,4322674.0,0.0,0.0,10307.0,0.0,,,0.0
2023-03-01 03:25:23.966000+00:00,462848.0,35307520.0,38084608.0,38084608.0,7.83,0.39047491,28.26,930600.0,0.0,0.0,9909.0,4328007.0,0.0,0.0,10319.0,0.0,0.0,0.0,0.0
2023-03-01 03:25:29.166000+00:00,462848.0,,,,7.85,0.39047491,28.32,,,,,,,,,0.0,,0.0,0.0
2023-03-01 03:25:33.371000+00:00,462848.0,35307520.0,38084608.0,38084608.0,7.85,0.39047491,28.32,932576.0,0.0,0.0,9932.0,4338567.0,0.0,0.0,10342.0,0.0,0.0,0.0,0.0
2023-03-01 03:25:38.761000+00:00,462848.0,35307520.0,38105088.0,38105088.0,7.86,0.39047491,28.39,933543.0,0.0,0.0,9943.0,4343826.0,0.0,0.0,10353.0,0.0,0.0,0.0,0.0
2023-03-01 03:25:44.457000+00:00,462848.0,35307520.0,38084608.0,38084608.0,7.86,0.39047491,28.4,934510.0,0.0,0.0,9954.0,4349085.0,0.0,0.0,10364.0,0.0,0.0,0.0,0.0
2023-03-01 03:25:48.788000+00:00,,,38256640.0,38256640.0,7.88,,,935477.0,0.0,0.0,9965.0,4354344.0,0.0,0.0,10375.0,,0.0,0.0,0.0
2023-03-01 03:25:54.082000+00:00,462848.0,35315712.0,38211584.0,38211584.0,7.89,0.39047491,28.47,936498.0,0.0,0.0,9977.0,4359677.0,0.0,0.0,10387.0,0.0,0.0,0.0,0.0
2023-03-01 03:25:59.377000+00:00,462848.0,35315712.0,38141952.0,,7.91,0.39047491,28.54,,,,,,,,,0.0,0.0,0.0,0.0
2023-03-01 03:26:03.654000+00:00,462848.0,35315712.0,38100992.0,38100992.0,7.91,0.39047491,28.54,938474.0,0.0,0.0,10000.0,4370237.0,0.0,0.0,10410.0,0.0,0.0,0.0,0.0
2023-03-01 03:26:09.464000+00:00,,,38121472.0,38121472.0,7.92,,,939441.0,0.0,0.0,10011.0,4375496.0,0.0,0.0,10421.0,,,,
2023-03-01 03:26:13.885000+00:00,462848.0,35315712.0,38092800.0,38092800.0,7.92,0.39047491,28.6,940408.0,0.0,0.0,10022.0,4380755.0,0.0,0.0,10432.0,0.0,0.0,0.0,0.0
2023-03-01 03:26:19.216000+00:00,462848.0,35315712.0,38273024.0,38273024.0,7.96,0.39047491,28.66,941375.0,0.0,0.0,10033.0,4386014.0,0.0,0.0,10443.0,0.0,,,0.0
2023-03-01 03:26:24.768000+00:00,466944.0,35315712.0,38350848.0,38350848.0,7.96,0.39047491,28.67,943363.0,0.0,0.0,10056.0,4396606.0,0.0,0.0,10466.0,0.0,0.0,0.0,0.0
2023-03-01 03:26:29.558000+00:00,466944.0,,,,7.98,0.39047491,28.72,,,,,,,,,0.0,,,0.0
2023-03-01 03:26:33.966000+00:00,466944.0,35315712.0,38105088.0,38105088.0,7.98,0.39047491,28.73,944372.0,0.0,0.0,10068.0,4401907.0,0.0,0.0,10478.0,0.0,0.0,0.0,0.0
2023-03-01 03:26:39.517000+00:00,466944.0,35315712.0,38092800.0,38092800.0,7.98,0.39047491,28.74,945339.0,0.0,0.0,10079.0,4407166.0,0.0,0.0,10489.0,0.0,0.0,0.0,0.0
2023-03-01 03:26:44.460000+00:00,466944.0,35315712.0,38105088.0,38105088.0,8.0,0.39047491,28.8,946306.0,0.0,0.0,10090.0,4412425.0,0.0,0.0,10500.0,0.0,0.0,0.0,0.0
2023-03-01 03:26:49.782000+00:00,466944.0,35315712.0,38092800.0,38092800.0,8.0,0.39047491,28.8,948240.0,0.0,0.0,10112.0,4422877.0,0.0,0.0,10521.0,0.0,,,0.0
2023-03-01 03:26:54.376000+00:00,466944.0,35315712.0,38092800.0,38092800.0,8.02,0.390928687,28.87,948294.0,0.0,0.0,10113.0,4422951.0,0.0,0.0,10522.0,0.0,0.0,0.0,0.0
2023-03-01 03:26:59.397000+00:00,466944.0,35315712.0,38092800.0,,8.02,0.390928687,28.87,,,,,,,,,0.0,0.0,0.0,0.0
2023-03-01 03:27:03.042000+00:00,466944.0,35315712.0,38100992.0,38100992.0,8.03,0.390928687,28.94,950270.0,0.0,0.0,10136.0,4433511.0,0.0,0.0,10545.0,0.0,0.0,0.0,0.0
2023-03-01 03:27:08.964000+00:00,466944.0,35315712.0,38092800.0,38092800.0,8.03,0.390928687,28.95,951237.0,0.0,0.0,10147.0,4438770.0,0.0,0.0,10556.0,0.0,0.0,0.0,0.0
2023-03-01 03:27:13.632000+00:00,466944.0,35315712.0,38125568.0,38125568.0,8.04,0.390928687,29.01,952204.0,0.0,0.0,10158.0,4444029.0,0.0,0.0,10567.0,0.0,0.0,0.0,0.0
2023-03-01 03:27:18.302000+00:00,,35315712.0,38092800.0,38092800.0,8.04,,,953171.0,0.0,0.0,10169.0,4449288.0,0.0,0.0,10578.0,,,,
2023-03-01 03:27:24.612000+00:00,471040.0,35315712.0,38092800.0,38092800.0,8.07,0.391308696,29.09,954192.0,0.0,0.0,10181.0,4454621.0,0.0,0.0,10590.0,0.0,0.0,0.0,0.0
2023-03-01 03:27:29.406000+00:00,,35315712.0,38092800.0,38092800.0,8.07,0.391308696,29.09,955201.0,0.0,0.0,10193.0,4459922.0,0.0,0.0,10602.0,0.0,,,
2023-03-01 03:27:33.853000+00:00,471040.0,35319808.0,38113280.0,38113280.0,8.08,0.391308696,29.16,956168.0,0.0,0.0,10204.0,4465181.0,0.0,0.0,10613.0,0.0,0.0,0.0,0.0
2023-03-01 03:27:39.654000+00:00,471040.0,35319808.0,38096896.0,38096896.0,8.08,0.391308696,29.16,957135.0,0.0,0.0,10215.0,4470440.0,0.0,0.0,10624.0,0.0,0.0,0.0,0.0
2023-03-01 03:27:43.890000+00:00,471040.0,35319808.0,38105088.0,38105088.0,8.1,0.391308696,29.22,958102.0,0.0,0.0,10226.0,4475699.0,0.0,0.0,10635.0,0.0,0.0,0.0,0.0
2023-03-01 03:27:49.306000+00:00,,35319808.0,38096896.0,38096896.0,8.1,,,959069.0,0.0,0.0,10237.0,4480958.0,0.0,0.0,10646.0,,,,
2023-03-01 03:27:53.319000+00:00,471040.0,35319808.0,38277120.0,38277120.0,8.14,0.391308696,29.29,960090.0,0.0,0.0,10249.0,4486291.0,0.0,0.0,10658.0,0.0,0.0,0.0,0.0
2023-03-01 03:27:59.405000+00:00,471040.0,35319808.0,38096896.0,,8.14,0.391308696,29.3,,,,,,,,,0.0,0.0,0.0,0.0
2023-03-01 03:28:04.682000+00:00,471040.0,35319808.0,38105088.0,38105088.0,8.16,0.391308696,29.35,962066.0,0.0,0.0,10272.0,4496851.0,0.0,0.0,10681.0,0.0,0.0,0.0,0.0
2023-03-01 03:28:09.337000+00:00,471040.0,35319808.0,38096896.0,38096896.0,8.16,0.391308696,29.36,963033.0,0.0,0.0,10283.0,4502110.0,0.0,0.0,10692.0,0.0,0.0,0.0,0.0
2023-03-01 03:28:14.447000+00:00,471040.0,35319808.0,38277120.0,38277120.0,8.18,0.39135335,29.42,964000.0,0.0,0.0,10294.0,4507369.0,0.0,0.0,10703.0,0.0,0.0,0.0,0.0
2023-03-01 03:28:19.593000+00:00,,35319808.0,38100992.0,38100992.0,8.18,0.39135335,29.43,964835.0,0.0,0.0,10303.0,4512496.0,0.0,0.0,10712.0,0.0,,,
2023-03-01 03:28:24.329000+00:00,479232.0,35319808.0,38162432.0,38162432.0,8.19,0.39135335,29.5,965856.0,0.0,0.0,10315.0,4517829.0,0.0,0.0,10724.0,0.0,0.0,0.0,0.0
2023-03-01 03:28:29.244000+00:00,,,,,8.19,0.39135335,29.5,,,,,,,,,0.0,0.0,0.0,
2023-03-01 03:28:34.555000+00:00,479232.0,35319808.0,38154240.0,38154240.0,8.22,0.39135335,29.56,967874.0,0.0,0.0,10339.0,4528431.0,0.0,0.0,10748.0,0.0,0.0,0.0,0.0
2023-03-01 03:28:39.755000+00:00,479232.0,35319808.0,38096896.0,38096896.0,8.22,0.39135335,29.56,969808.0,0.0,0.0,10361.0,4538883.0,0.0,0.0,10769.0,0.0,,0.0,0.0
2023-03-01 03:28:44.206000+00:00,479232.0,37064704.0,40312832.0,40312832.0,8.22,0.39135335,29.58,969808.0,0.0,0.0,10361.0,4538883.0,0.0,0.0,10769.0,0.0,0.0,0.0,0.0
2023-03-01 03:28:48.595000+00:00,479232.0,35319808.0,38109184.0,38109184.0,8.23,0.39135335,29.63,970775.0,0.0,0.0,10372.0,4544142.0,0.0,0.0,10780.0,0.0,,,0.0
2023-03-01 03:28:54.435000+00:00,479232.0,35319808.0,38096896.0,38096896.0,8.23,0.39135335,29.64,971796.0,0.0,0.0,10384.0,4549475.0,0.0,0.0,10792.0,0.0,0.0,0.0,0.0
2023-03-01 03:28:59.637000+00:00,479232.0,,38109184.0,38109184.0,8.25,0.39135335,29.71,972805.0,0.0,0.0,10396.0,4554776.0,0.0,0.0,10804.0,0.0,,,0.0
2023-03-01 03:29:04.811000+00:00,479232.0,35319808.0,38096896.0,38096896.0,8.25,0.39135335,29.72,974739.0,0.0,0.0,10418.0,4565294.0,0.0,0.0,10826.0,0.0,0.0,0.0,0.0
2023-03-01 03:29:09.822000+00:00,479232.0,35319808.0,38100992.0,38100992.0,8.26,0.39135335,29.78,975706.0,0.0,0.0,10429.0,4570553.0,0.0,0.0,10837.0,0.0,,,0.0
2023-03-01 03:29:13.284000+00:00,479232.0,35319808.0,38100992.0,38100992.0,8.26,0.39135335,29.78,975706.0,0.0,0.0,10429.0,4570553.0,0.0,0.0,10837.0,0.0,0.0,0.0,0.0
2023-03-01 03:29:18.869000+00:00,,,,38109184.0,8.29,,,976673.0,0.0,0.0,10440.0,4575812.0,0.0,0.0,10848.0,,0.0,0.0,
2023-03-01 03:29:23.908000+00:00,483328.0,35319808.0,38096896.0,38096896.0,8.29,0.39135335,29.85,977694.0,0.0,0.0,10452.0,4581145.0,0.0,0.0,10860.0,0.0,0.0,0.0,0.0
2023-03-01 03:29:29.079000+00:00,483328.0,35319808.0,38100992.0,,8.3,0.39135335,29.91,,,,,,,,,0.0,0.0,0.0,0.0
2023-03-01 03:29:34.621000+00:00,483328.0,35319808.0,38096896.0,38096896.0,8.3,0.39135335,29.92,979712.0,0.0,0.0,10476.0,4591747.0,0.0,0.0,10884.0,0.0,0.0,0.0,0.0
2023-03-01 03:29:39.320000+00:00,483328.0,35319808.0,38100992.0,38100992.0,8.32,0.391878924,29.98,980786.0,0.0,0.0,10488.0,4597006.0,0.0,0.0,10895.0,0.0,0.0,0.0,0.0
2023-03-01 03:29:44.369000+00:00,483328.0,35319808.0,38096896.0,38096896.0,8.32,0.391878924,29.98,981753.0,0.0,0.0,10499.0,4602265.0,0.0,0.0,10906.0,0.0,0.0,0.0,0.0
2023-03-01 03:29:49.238000+00:00,,35319808.0,38252544.0,38252544.0,8.34,,,982720.0,0.0,0.0,10510.0,4607524.0,0.0,0.0,10917.0,,0.0,0.0,
2023-03-01 03:29:54.105000+00:00,483328.0,35323904.0,38100992.0,38100992.0,8.34,0.391878924,30.05,983741.0,0.0,0.0,10522.0,4612857.0,0.0,0.0,10929.0,0.0,0.0,0.0,0.0
2023-03-01 03:29:59.413000+00:00,483328.0,35323904.0,38334464.0,,8.36,0.391878924,30.11,,,,,,,,,0.0,0.0,0.0,0.0
2023-03-01 03:30:04.526000+00:00,483328.0,35323904.0,38109184.0,38109184.0,8.36,0.391878924,30.12,985717.0,0.0,0.0,10545.0,4623417.0,0.0,0.0,10952.0,0.0,0.0,0.0,0.0
2023-03-01 03:30:09.015000+00:00,483328.0,35323904.0,38129664.0,38129664.0,8.39,0.391878924,30.17,986684.0,0.0,0.0,10556.0,4628676.0,0.0,0.0,10963.0,0.0,0.0,0.0,0.0
2023-03-01 03:30:14.041000+00:00,483328.0,35323904.0,38100992.0,38100992.0,8.39,0.391878924,30.17,987651.0,0.0,0.0,10567.0,4633935.0,0.0,0.0,10974.0,0.0,0.0,0.0,0.0
2023-03-01 03:30:18.833000+00:00,483328.0,,,38273024.0,8.4,0.391878924,30.24,988618.0,0.0,0.0,10578.0,4639194.0,0.0,0.0,10985.0,0.0,,0.0,0.0
2023-03-01 03:30:24.100000+00:00,487424.0,35323904.0,38146048.0,38146048.0,8.4,0.391878924,30.25,989639.0,0.0,0.0,10590.0,4644527.0,0.0,0.0,10997.0,0.0,0.0,0.0,0.0
2023-03-01 03:30:29.156000+00:00,487424.0,35323904.0,38199296.0,,8.43,0.391878924,30.3,,,,,,,,,0.0,0.0,0.0,0.0
2023-03-01 03:30:34.610000+00:00,487424.0,35323904.0,38105088.0,38105088.0,8.43,0.391878924,30.31,991657.0,0.0,0.0,10614.0,4655129.0,0.0,0.0,11021.0,0.0,0.0,0.0,0.0
2023-03-01 03:30:38.757000+00:00,,,38551552.0,38551552.0,8.44,0.391878924,,992624.0,0.0,0.0,10625.0,4660388.0,0.0,0.0,11032.0,,,,
2023-03-01 03:30:43.788000+00:00,487424.0,35323904.0,38121472.0,38121472.0,8.44,0.391878924,30.38,993591.0,0.0,0.0,10636.0,4665647.0,0.0,0.0,11043.0,0.0,0.0,0.0,0.0
2023-03-01 03:30:48.900000+00:00,487424.0,,,38268928.0,8.46,,,994558.0,0.0,0.0,10647.0,4670906.0,0.0,0.0,11054.0,,,,0.0
2023-03-01 03:30:54.191000+00:00,487424.0,35323904.0,38227968.0,38227968.0,8.46,0.391878924,30.45,995579.0,0.0,0.0,10659.0,4676239.0,0.0,0.0,11066.0,0.0,0.0,0.0,0.0
2023-03-01 03:30:58.694000+00:00,487424.0,,,,8.48,0.391878924,30.51,,,,,,,,,0.0,,0.0,0.0
2023-03-01 03:31:03.544000+00:00,487424.0,35323904.0,38100992.0,38100992.0,8.48,0.391878924,30.52,997555.0,0.0,0.0,10682.0,4686799.0,0.0,0.0,11089.0,0.0,0.0,0.0,0.0
2023-03-01 03:31:09.555000+00:00,487424.0,35323904.0,38133760.0,38133760.0,8.5,0.391878924,30.58,998522.0,0.0,0.0,10693.0,4692058.0,0.0,0.0,11100.0,0.0,,0.0,0.0
2023-03-01 03:31:13.350000+00:00,487424.0,35323904.0,38109184.0,38109184.0,8.5,0.391878924,30.59,999489.0,0.0,0.0,10704.0,4697317.0,0.0,0.0,11111.0,0.0,0.0,0.0,0.0
2023-03-01 03:31:19.451000+00:00,487424.0,,,38498304.0,8.52,,,1000390.0,0.0,0.0,10714.0,4702510.0,0.0,0.0,11121.0,0.0,,,0.0
2023-03-01 03:31:24.192000+00:00,491520.0,35328000.0,38105088.0,38105088.0,8.52,0.391878924,30.66,1001411.0,0.0,0.0,10726.0,4707843.0,0.0,0.0,11133.0,0.0,0.0,0.0,0.0
2023-03-01 03:31:28.424000+00:00,491520.0,35328000.0,38105088.0,,8.52,0.391878924,30.66,,,,,,,,,0.0,0.0,0.0,0.0
2023-03-01 03:31:34.814000+00:00,491520.0,35328000.0,38105088.0,38105088.0,8.53,0.391878924,30.73,1004396.0,0.0,0.0,10761.0,4723704.0,0.0,0.0,11168.0,0.0,0.0,0.0,0.0
2023-03-01 03:31:38.924000+00:00,491520.0,35328000.0,38105088.0,38105088.0,8.53,0.391878924,30.73,1004396.0,0.0,0.0,10761.0,4723704.0,0.0,0.0,11168.0,0.0,,0.0,0.0
2023-03-01 03:31:43.619000+00:00,491520.0,35328000.0,38146048.0,38146048.0,8.55,0.391878924,30.79,1005363.0,0.0,0.0,10772.0,4728963.0,0.0,0.0,11179.0,0.0,0.0,0.0,0.0
2023-03-01 03:31:48.626000+00:00,491520.0,,38141952.0,38141952.0,8.55,0.391878924,30.79,1006330.0,0.0,0.0,10783.0,4734222.0,0.0,0.0,11190.0,0.0,,,0.0
2023-03-01 03:31:54.620000+00:00,491520.0,35328000.0,38240256.0,38240256.0,8.56,0.391878924,30.87,1007351.0,0.0,0.0,10795.0,4739555.0,0.0,0.0,11202.0,0.0,0.0,0.0,0.0
2023-03-01 03:31:59.252000+00:00,491520.0,,,,8.56,0.391878924,30.88,,,,,,,,,0.0,,0.0,0.0
2023-03-01 03:32:03.306000+00:00,491520.0,35328000.0,38117376.0,38117376.0,8.58,0.391878924,30.93,1009327.0,0.0,0.0,10818.0,4750115.0,0.0,0.0,11225.0,0.0,0.0,0.0,0.0
2023-03-01 03:32:08.308000+00:00,491520.0,35328000.0,38105088.0,38105088.0,8.58,0.391878924,30.93,1010294.0,0.0,0.0,10829.0,4755374.0,0.0,0.0,11236.0,0.0,,0.0,0.0
2023-03-01 03:32:14.033000+00:00,491520.0,35328000.0,38129664.0,38129664.0,8.6,0.391878924,31.0,1011261.0,0.0,0.0,10840.0,4760633.0,0.0,0.0,11247.0,0.0,0.0,0.0,0.0
2023-03-01 03:32:18.686000+00:00,491520.0,,,38105088.0,8.6,,,1012228.0,0.0,0.0,10851.0,4765892.0,0.0,0.0,11258.0,0.0,,,0.0
2023-03-01 03:32:24.147000+00:00,495616.0,35328000.0,38293504.0,38293504.0,8.62,0.391878924,31.07,1013249.0,0.0,0.0,10863.0,4771225.0,0.0,0.0,11270.0,0.0,0.0,0.0,0.0
2023-03-01 03:32:28.724000+00:00,495616.0,35328000.0,38113280.0,,8.62,0.391878924,31.08,,,,,,,,,0.0,0.0,0.0,0.0
2023-03-01 03:32:34.026000+00:00,495616.0,35328000.0,38268928.0,38268928.0,8.64,0.391878924,31.14,1015267.0,0.0,0.0,10887.0,4781827.0,0.0,0.0,11294.0,0.0,0.0,0.0,0.0
2023-03-01 03:32:38.258000+00:00,,35328000.0,38117376.0,38117376.0,8.64,0.466930351,,1016234.0,0.0,0.0,10898.0,4787086.0,0.0,0.0,11305.0,,0.0,,
2023-03-01 03:32:43.748000+00:00,495616.0,35328000.0,38170624.0,38170624.0,8.66,0.391878924,31.2,1017201.0,0.0,0.0,10909.0,4792345.0,0.0,0.0,11316.0,0.0,0.0,0.0,0.0
2023-03-01 03:32:48.049000+00:00,495616.0,,,38109184.0,8.66,0.391878924,31.2,1018168.0,0.0,0.0,10920.0,4797604.0,0.0,0.0,11327.0,0.0,,0.0,0.0
2023-03-01 03:32:54.403000+00:00,495616.0,35328000.0,38150144.0,38150144.0,8.67,0.391878924,31.27,1019123.0,0.0,0.0,10931.0,4802871.0,0.0,0.0,11338.0,0.0,0.0,0.0,0.0
2023-03-01 03:32:58.370000+00:00,495616.0,,,,8.67,0.391878924,31.28,,,,,,,,,0.0,,0.0,0.0
2023-03-01 03:33:03.284000+00:00,495616.0,35328000.0,38215680.0,38215680.0,8.69,0.391878924,31.33,1021099.0,0.0,0.0,10954.0,4813431.0,0.0,0.0,11361.0,0.0,0.0,0.0,0.0
2023-03-01 03:33:08.409000+00:00,495616.0,35328000.0,38125568.0,38125568.0,8.69,0.391878924,31.34,1022066.0,0.0,0.0,10965.0,4818690.0,0.0,0.0,11372.0,0.0,,0.0,0.0
2023-03-01 03:33:13.727000+00:00,495616.0,35328000.0,38182912.0,38182912.0,8.71,0.391878924,31.4,1023033.0,0.0,0.0,10976.0,4823949.0,0.0,0.0,11383.0,0.0,0.0,0.0,0.0
2023-03-01 03:33:19.161000+00:00,495616.0,,38109184.0,38109184.0,8.71,0.391878924,31.4,1024000.0,0.0,0.0,10987.0,4829208.0,0.0,0.0,11394.0,0.0,,,0.0
2023-03-01 03:33:23.802000+00:00,503808.0,35328000.0,38436864.0,38436864.0,8.73,0.391878924,31.47,1025021.0,0.0,0.0,10999.0,4834541.0,0.0,0.0,11406.0,0.0,0.0,0.0,0.0
2023-03-01 03:33:28.916000+00:00,503808.0,,,,8.73,0.391878924,31.47,,,,,,,,,0.0,,0.0,0.0
2023-03-01 03:33:33.999000+00:00,503808.0,35328000.0,38301696.0,38301696.0,8.74,0.391878924,31.54,1027039.0,0.0,0.0,11023.0,4845143.0,0.0,0.0,11430.0,0.0,0.0,0.0,0.0
2023-03-01 03:33:38.793000+00:00,503808.0,35328000.0,38289408.0,38289408.0,8.74,0.391878924,31.54,1028006.0,0.0,0.0,11034.0,4850402.0,0.0,0.0,11441.0,0.0,,0.0,0.0
2023-03-01 03:33:44.358000+00:00,503808.0,35328000.0,38182912.0,38182912.0,8.76,0.391878924,31.6,1028841.0,0.0,0.0,11043.0,4855529.0,0.0,0.0,11450.0,0.0,0.0,0.0,0.0
2023-03-01 03:33:48.358000+00:00,503808.0,,38109184.0,38109184.0,8.76,0.391878924,31.61,1029808.0,0.0,0.0,11054.0,4860788.0,0.0,0.0,11461.0,0.0,,,0.0
2023-03-01 03:33:54.432000+00:00,503808.0,35328000.0,38391808.0,38391808.0,8.77,0.391878924,31.68,1030829.0,0.0,0.0,11066.0,4866121.0,0.0,0.0,11473.0,0.0,0.0,0.0,0.0
2023-03-01 03:33:58.889000+00:00,503808.0,35328000.0,38174720.0,,8.77,0.391878924,31.68,,,,,,,,,0.0,0.0,0.0,0.0
2023-03-01 03:34:04.416000+00:00,503808.0,35328000.0,38502400.0,38502400.0,8.79,0.391878924,31.75,1032805.0,0.0,0.0,11089.0,4876681.0,0.0,0.0,11496.0,0.0,0.0,0.0,0.0
2023-03-01 03:34:08.821000+00:00,,35328000.0,38166528.0,38166528.0,8.79,0.391878924,,1033772.0,0.0,0.0,11100.0,4881940.0,0.0,0.0,11507.0,,,,
2023-03-01 03:34:14.522000+00:00,503808.0,37163008.0,40800256.0,40800256.0,8.79,0.391878924,31.77,1034739.0,0.0,0.0,11111.0,4887199.0,0.0,0.0,11518.0,0.0,0.0,0.0,0.0
2023-03-01 03:34:19.153000+00:00,,35328000.0,38117376.0,38117376.0,8.81,,,1035706.0,0.0,0.0,11122.0,4892458.0,0.0,0.0,11529.0,,0.0,,
2023-03-01 03:34:23.468000+00:00,507904.0,35328000.0,38232064.0,38232064.0,8.81,0.391878924,31.82,1036727.0,0.0,0.0,11134.0,4897791.0,0.0,0.0,11541.0,0.0,0.0,0.0,0.0
2023-03-01 03:34:28.530000+00:00,507904.0,35328000.0,38150144.0,,8.84,0.391878924,31.87,,,,,,,,,0.0,0.0,0.0,0.0
2023-03-01 03:34:34.888000+00:00,507904.0,35328000.0,38105088.0,38105088.0,8.84,0.391878924,31.88,1039712.0,0.0,0.0,11169.0,4913652.0,0.0,0.0,11576.0,0.0,0.0,0.0,0.0
2023-03-01 03:34:38.637000+00:00,,35328000.0,38121472.0,38121472.0,8.85,0.391878924,31.94,1039712.0,0.0,0.0,11169.0,4913652.0,0.0,0.0,11576.0,0.0,,,
2023-03-01 03:34:44.328000+00:00,507904.0,35328000.0,38109184.0,38109184.0,8.85,0.391878924,31.95,1040679.0,0.0,0.0,11180.0,4918911.0,0.0,0.0,11587.0,0.0,0.0,0.0,0.0
2023-03-01 03:34:48.815000+00:00,,,38109184.0,38109184.0,8.87,,,1041646.0,0.0,0.0,11191.0,4924170.0,0.0,0.0,11598.0,,,,
2023-03-01 03:34:54.599000+00:00,507904.0,35328000.0,38105088.0,38105088.0,8.87,0.391878924,32.02,1042667.0,0.0,0.0,11203.0,4929503.0,0.0,0.0,11610.0,0.0,0.0,0.0,0.0
2023-03-01 03:34:59.436000+00:00,507904.0,35328000.0,38117376.0,,8.88,0.391878924,32.08,,,,,,,,,0.0,0.0,0.0,0.0
2023-03-01 03:35:04.653000+00:00,507904.0,35328000.0,38105088.0,38105088.0,8.88,0.391878924,32.08,1044643.0,0.0,0.0,11226.0,4940063.0,0.0,0.0,11633.0,0.0,0.0,0.0,0.0
2023-03-01 03:35:09.766000+00:00,,35328000.0,38150144.0,38150144.0,8.9,0.332207949,,1046577.0,0.0,0.0,11248.0,4950581.0,0.0,0.0,11655.0,,,,
2023-03-01 03:35:13.866000+00:00,507904.0,35328000.0,38150144.0,38150144.0,8.9,0.391878924,32.15,1046577.0,0.0,0.0,11248.0,4950581.0,0.0,0.0,11655.0,0.0,0.0,0.0,0.0
2023-03-01 03:35:19.807000+00:00,507904.0,,38150144.0,38150144.0,8.91,0.391878924,32.22,1048511.0,0.0,0.0,11270.0,4961099.0,0.0,0.0,11677.0,0.0,,,0.0
2023-03-01 03:35:24.028000+00:00,512000.0,35328000.0,38125568.0,38125568.0,8.91,0.391878924,32.23,1048565.0,0.0,0.0,11271.0,4961173.0,0.0,0.0,11678.0,0.0,0.0,0.0,0.0
2023-03-01 03:35:29.128000+00:00,512000.0,,,,8.92,0.391878924,32.3,,,,,,,,,0.0,,,0.0
2023-03-01 03:35:33.792000+00:00,512000.0,35328000.0,38109184.0,38109184.0,8.92,0.391878924,32.3,1050583.0,0.0,0.0,11295.0,4971775.0,0.0,0.0,11702.0,0.0,0.0,0.0,0.0
2023-03-01 03:35:39.193000+00:00,512000.0,35328000.0,38219776.0,38219776.0,8.94,0.391878924,32.36,1051550.0,0.0,0.0,11306.0,4977034.0,0.0,0.0,11713.0,0.0,,0.0,0.0
2023-03-01 03:35:43.807000+00:00,512000.0,35328000.0,38105088.0,38105088.0,8.94,0.391878924,32.37,1052517.0,0.0,0.0,11317.0,4982293.0,0.0,0.0,11724.0,0.0,0.0,0.0,0.0
2023-03-01 03:35:48.118000+00:00,512000.0,,38174720.0,38174720.0,8.95,,32.44,1053484.0,0.0,0.0,11328.0,4987552.0,0.0,0.0,11735.0,0.0,,,
2023-03-01 03:35:54.615000+00:00,512000.0,35328000.0,38232064.0,38232064.0,8.95,0.391878924,32.45,1054505.0,0.0,0.0,11340.0,4992885.0,0.0,0.0,11747.0,0.0,0.0,0.0,0.0
2023-03-01 03:35:59.460000+00:00,512000.0,,,,8.96,0.392593644,32.52,,,,,,,,,0.0,,,0.0
2023-03-01 03:36:03.704000+00:00,512000.0,35328000.0,38150144.0,38150144.0,8.96,0.392593644,32.52,1056481.0,0.0,0.0,11363.0,5003445.0,0.0,0.0,11770.0,0.0,0.0,0.0,0.0
2023-03-01 03:36:09.200000+00:00,512000.0,35328000.0,38133760.0,38133760.0,8.99,0.392593644,32.57,1057448.0,0.0,0.0,11374.0,5008704.0,0.0,0.0,11781.0,0.0,,0.0,0.0
2023-03-01 03:36:13.569000+00:00,512000.0,35328000.0,38113280.0,38113280.0,8.99,0.392593644,32.58,1058415.0,0.0,0.0,11385.0,5013963.0,0.0,0.0,11792.0,0.0,0.0,0.0,0.0
2023-03-01 03:36:19.552000+00:00,512000.0,,38195200.0,38195200.0,9.01,,32.64,1059382.0,0.0,0.0,11396.0,5019222.0,0.0,0.0,11803.0,0.0,,,
2023-03-01 03:36:23.996000+00:00,516096.0,35328000.0,38125568.0,38125568.0,9.01,0.392593644,32.65,1060403.0,0.0,0.0,11408.0,5024555.0,0.0,0.0,11815.0,0.0,0.0,0.0,0.0
2023-03-01 03:36:28.930000+00:00,516096.0,35328000.0,,,9.04,0.392593644,32.71,,,,,,,,,0.0,0.0,0.0,0.0
2023-03-01 03:36:34.544000+00:00,516096.0,35328000.0,38109184.0,38109184.0,9.04,0.392593644,32.71,1062421.0,0.0,0.0,11432.0,5035157.0,0.0,0.0,11839.0,0.0,0.0,0.0,0.0
2023-03-01 03:36:39.193000+00:00,516096.0,35328000.0,38449152.0,38449152.0,9.06,0.392593644,32.77,1063388.0,0.0,0.0,11443.0,5040416.0,0.0,0.0,11850.0,0.0,,0.0,0.0
2023-03-01 03:36:44.637000+00:00,516096.0,35328000.0,38113280.0,38113280.0,9.06,0.392593644,32.77,1064355.0,0.0,0.0,11454.0,5045675.0,0.0,0.0,11861.0,0.0,0.0,0.0,0.0
2023-03-01 03:36:48.970000+00:00,516096.0,,38105088.0,38105088.0,9.06,0.392593644,32.78,1065322.0,0.0,0.0,11465.0,5050934.0,0.0,0.0,11872.0,0.0,,,0.0
2023-03-01 03:36:54.419000+00:00,516096.0,35328000.0,38240256.0,38240256.0,9.07,0.392593644,32.85,1066343.0,0.0,0.0,11477.0,5056267.0,0.0,0.0,11884.0,0.0,0.0,0.0,0.0
2023-03-01 03:36:58.782000+00:00,516096.0,35328000.0,38109184.0,,9.07,0.392593644,32.86,,,,,,,,,0.0,0.0,0.0,0.0
2023-03-01 03:37:04.438000+00:00,516096.0,35328000.0,38133760.0,38133760.0,9.09,0.392593644,32.91,1068319.0,0.0,0.0,11500.0,5066827.0,0.0,0.0,11907.0,0.0,0.0,0.0,0.0
2023-03-01 03:37:09.305000+00:00,,35328000.0,38105088.0,38105088.0,9.09,0.749580447,,1069286.0,0.0,0.0,11511.0,5072086.0,0.0,0.0,11918.0,,,,
2023-03-01 03:37:13.735000+00:00,516096.0,35328000.0,38154240.0,38154240.0,9.11,0.392593644,32.98,1070253.0,0.0,0.0,11522.0,5077345.0,0.0,0.0,11929.0,0.0,0.0,0.0,0.0
2023-03-01 03:37:19.671000+00:00,516096.0,,38105088.0,38105088.0,9.11,,32.98,1071220.0,0.0,0.0,11533.0,5082604.0,0.0,0.0,11940.0,0.0,,,
2023-03-01 03:37:24.592000+00:00,520192.0,35328000.0,38154240.0,38154240.0,9.14,0.392593644,33.06,1072241.0,0.0,0.0,11545.0,5087937.0,0.0,0.0,11952.0,0.0,0.0,0.0,0.0
2023-03-01 03:37:28.637000+00:00,520192.0,35328000.0,,,9.14,0.392593644,33.06,,,,,,,,,0.0,0.0,0.0,0.0
2023-03-01 03:37:34.039000+00:00,520192.0,35328000.0,38117376.0,38117376.0,9.15,0.392593644,33.13,1074259.0,0.0,0.0,11569.0,5098539.0,0.0,0.0,11976.0,0.0,0.0,0.0,0.0
2023-03-01 03:37:39.627000+00:00,520192.0,35328000.0,38105088.0,38105088.0,9.15,0.392593644,33.13,1075226.0,0.0,0.0,11580.0,5103798.0,0.0,0.0,11987.0,0.0,,0.0,0.0
2023-03-01 03:37:43.743000+00:00,520192.0,35328000.0,38133760.0,38133760.0,9.16,0.392593644,33.2,1076193.0,0.0,0.0,11591.0,5109057.0,0.0,0.0,11998.0,0.0,0.0,0.0,0.0
2023-03-01 03:37:49.502000+00:00,,,38105088.0,38105088.0,9.16,,,1077160.0,0.0,0.0,11602.0,5114316.0,0.0,0.0,12009.0,,0.0,0.0,0.0
2023-03-01 03:37:54.686000+00:00,520192.0,35328000.0,38359040.0,38359040.0,9.18,0.392593644,33.28,1078049.0,0.0,0.0,11612.0,5119517.0,0.0,0.0,12019.0,0.0,0.0,0.0,0.0
2023-03-01 03:37:58.150000+00:00,520192.0,35328000.0,38129664.0,,9.18,0.392593644,33.29,,,,,,,,,0.0,0.0,0.0,0.0
2023-03-01 03:38:04.316000+00:00,520192.0,35328000.0,38125568.0,38125568.0,9.19,0.392593644,33.35,1079893.0,0.0,0.0,11633.0,5129945.0,0.0,0.0,12040.0,0.0,0.0,0.0,0.0
2023-03-01 03:38:08.358000+00:00,520192.0,35328000.0,38109184.0,38109184.0,9.19,0.545005903,,1080860.0,0.0,0.0,11644.0,5135204.0,0.0,0.0,12051.0,0.0,,,0.0
2023-03-01 03:38:14.076000+00:00,520192.0,35328000.0,38350848.0,38350848.0,9.2,0.392593644,33.42,1081827.0,0.0,0.0,11655.0,5140463.0,0.0,0.0,12062.0,0.0,0.0,0.0,0.0
2023-03-01 03:38:19.048000+00:00,520192.0,,38113280.0,38113280.0,9.2,0.392593644,33.42,1082794.0,0.0,0.0,11666.0,5145722.0,0.0,0.0,12073.0,0.0,,,0.0
2023-03-01 03:38:24.813000+00:00,528384.0,35328000.0,38440960.0,38440960.0,9.22,0.392593644,33.5,1084782.0,0.0,0.0,11689.0,5156314.0,0.0,0.0,12096.0,0.0,0.0,0.0,0.0
2023-03-01 03:38:28.195000+00:00,,,,,9.22,,,,,,,,,,,,,,
2023-03-01 03:38:33.743000+00:00,528384.0,35328000.0,38232064.0,38232064.0,9.23,0.392593644,33.57,1085791.0,0.0,0.0,11701.0,5161615.0,0.0,0.0,12108.0,0.0,0.0,0.0,0.0
2023-03-01 03:38:38.311000+00:00,528384.0,35328000.0,38113280.0,38113280.0,9.23,0.392593644,33.57,1086758.0,0.0,0.0,11712.0,5166874.0,0.0,0.0,12119.0,0.0,,0.0,0.0
2023-03-01 03:38:43.646000+00:00,528384.0,35328000.0,38137856.0,38137856.0,9.24,0.392593644,33.64,1087725.0,0.0,0.0,11723.0,5172133.0,0.0,0.0,12130.0,0.0,0.0,0.0,0.0
2023-03-01 03:38:49.616000+00:00,528384.0,,38109184.0,38109184.0,9.24,0.392593644,33.64,1088692.0,0.0,0.0,11734.0,5177392.0,0.0,0.0,12141.0,0.0,,,0.0
2023-03-01 03:38:54.831000+00:00,528384.0,35328000.0,38268928.0,38268928.0,9.26,0.392593644,33.71,1090680.0,0.0,0.0,11757.0,5187984.0,0.0,0.0,12164.0,0.0,0.0,0.0,0.0
2023-03-01 03:38:59.809000+00:00,528384.0,,,,9.26,0.392593644,33.72,,,,,,,,,0.0,,0.0,0.0
2023-03-01 03:39:03.197000+00:00,528384.0,35328000.0,38105088.0,38105088.0,9.26,0.392593644,33.72,1091689.0,0.0,0.0,11769.0,5193285.0,0.0,0.0,12176.0,0.0,0.0,0.0,0.0
2023-03-01 03:39:09.273000+00:00,528384.0,35328000.0,38105088.0,38105088.0,9.28,0.392593644,33.77,1092656.0,0.0,0.0,11780.0,5198544.0,0.0,0.0,12187.0,0.0,,0.0,0.0
2023-03-01 03:39:14.085000+00:00,528384.0,35328000.0,38105088.0,38105088.0,9.28,0.392593644,33.78,1093623.0,0.0,0.0,11791.0,5203803.0,0.0,0.0,12198.0,0.0,0.0,0.0,0.0
2023-03-01 03:39:18.383000+00:00,528384.0,,38129664.0,38129664.0,9.31,0.392593644,33.83,1094590.0,0.0,0.0,11802.0,5209062.0,0.0,0.0,12209.0,0.0,,,0.0
2023-03-01 03:39:23.930000+00:00,532480.0,35328000.0,38105088.0,38105088.0,9.31,0.392593644,33.84,1095611.0,0.0,0.0,11814.0,5214395.0,0.0,0.0,12221.0,0.0,0.0,0.0,0.0
2023-03-01 03:39:29.086000+00:00,532480.0,35328000.0,,,9.32,0.392593644,33.9,,,,,,,,,0.0,0.0,0.0,0.0
2023-03-01 03:39:33.548000+00:00,532480.0,35328000.0,38105088.0,38105088.0,9.32,0.392593644,33.91,1097587.0,0.0,0.0,11837.0,5224889.0,0.0,0.0,12243.0,0.0,0.0,0.0,0.0
2023-03-01 03:39:39.428000+00:00,532480.0,35328000.0,38125568.0,38125568.0,9.33,0.957325941,,1098554.0,0.0,0.0,11848.0,5230148.0,0.0,0.0,12254.0,0.0,,,0.0
2023-03-01 03:39:44.651000+00:00,532480.0,35328000.0,38105088.0,38105088.0,9.33,0.392593644,33.99,1099521.0,0.0,0.0,11859.0,5235407.0,0.0,0.0,12265.0,0.0,0.0,0.0,0.0
2023-03-01 03:39:49.520000+00:00,,,38117376.0,38117376.0,9.35,,,1100488.0,0.0,0.0,11870.0,5240666.0,0.0,0.0,12276.0,,,,
2023-03-01 03:39:53.693000+00:00,532480.0,35328000.0,38105088.0,38105088.0,9.35,0.392593644,34.06,1101509.0,0.0,0.0,11882.0,5245999.0,0.0,0.0,12288.0,0.0,0.0,0.0,0.0
2023-03-01 03:39:59.489000+00:00,532480.0,35328000.0,,,9.38,0.392593644,34.11,,,,,,,,,0.0,0.0,0.0,0.0
2023-03-01 03:40:03.934000+00:00,532480.0,35328000.0,38105088.0,38105088.0,9.38,0.392593644,34.12,1103485.0,0.0,0.0,11905.0,5256559.0,0.0,0.0,12311.0,0.0,0.0,0.0,0.0
2023-03-01 03:40:09.517000+00:00,,35328000.0,38125568.0,38125568.0,9.39,0.991037006,,1104452.0,0.0,0.0,11916.0,5261752.0,0.0,0.0,12321.0,,,,
2023-03-01 03:40:14.638000+00:00,532480.0,35328000.0,38113280.0,38113280.0,9.39,0.392593644,34.19,1105419.0,0.0,0.0,11927.0,5267011.0,0.0,0.0,12332.0,0.0,0.0,0.0,0.0
2023-03-01 03:40:19.538000+00:00,532480.0,,38182912.0,38182912.0,9.42,0.392593644,34.24,1106386.0,0.0,0.0,11938.0,5272270.0,0.0,0.0,12343.0,0.0,,,0.0
2023-03-01 03:40:24.591000+00:00,536576.0,35328000.0,38109184.0,38109184.0,9.42,0.392593644,34.25,1107407.0,0.0,0.0,11950.0,5277603.0,0.0,0.0,12355.0,0.0,0.0,0.0,0.0
2023-03-01 03:40:29.660000+00:00,536576.0,35328000.0,,,9.44,0.392593644,34.31,,,,,,,,,0.0,0.0,0.0,0.0
2023-03-01 03:40:34.737000+00:00,536576.0,35328000.0,38236160.0,38236160.0,9.44,0.392593644,34.32,1110350.0,0.0,0.0,11984.0,5293422.0,0.0,0.0,12389.0,0.0,0.0,0.0,0.0
2023-03-01 03:40:38.524000+00:00,536576.0,35328000.0,38236160.0,38236160.0,9.46,0.392593644,34.38,1110350.0,0.0,0.0,11984.0,5293422.0,0.0,0.0,12389.0,0.0,,0.0,0.0
2023-03-01 03:40:44.061000+00:00,536576.0,35328000.0,38105088.0,38105088.0,9.46,0.392593644,34.38,1111317.0,0.0,0.0,11995.0,5298681.0,0.0,0.0,12400.0,0.0,0.0,0.0,0.0
2023-03-01 03:40:48.976000+00:00,,,38162432.0,38162432.0,9.48,,,1112284.0,0.0,0.0,12006.0,5303940.0,0.0,0.0,12411.0,,,,
2023-03-01 03:40:53.916000+00:00,536576.0,35328000.0,38105088.0,38105088.0,9.48,0.392593644,34.45,1113305.0,0.0,0.0,12018.0,5309273.0,0.0,0.0,12423.0,0.0,0.0,0.0,0.0
2023-03-01 03:40:58.764000+00:00,536576.0,35328000.0,,,9.5,0.392593644,34.52,,,,,,,,,0.0,0.0,0.0,0.0
2023-03-01 03:41:03.925000+00:00,536576.0,35328000.0,38109184.0,38109184.0,9.5,0.392593644,34.52,1115281.0,0.0,0.0,12041.0,5319833.0,0.0,0.0,12446.0,0.0,0.0,0.0,0.0
2023-03-01 03:41:08.875000+00:00,,35328000.0,38559744.0,38559744.0,9.52,0.392593644,34.6,1116248.0,0.0,0.0,12052.0,5325092.0,0.0,0.0,12457.0,0.0,,,
2023-03-01 03:41:13.269000+00:00,536576.0,35328000.0,38117376.0,38117376.0,9.52,0.392593644,34.6,1117215.0,0.0,0.0,12063.0,5330351.0,0.0,0.0,12468.0,0.0,0.0,0.0,0.0
2023-03-01 03:41:19.318000+00:00,536576.0,,38273024.0,38273024.0,9.54,,,1118182.0,0.0,0.0,12074.0,5335610.0,0.0,0.0,12479.0,,,,0.0
2023-03-01 03:41:23.895000+00:00,540672.0,35328000.0,38105088.0,38105088.0,9.54,0.392859756,34.68,1119203.0,0.0,0.0,12086.0,5340943.0,0.0,0.0,12491.0,0.0,0.0,0.0,0.0
2023-03-01 03:41:28.990000+00:00,540672.0,,,,9.54,0.392859756,34.68,,,,,,,,,0.0,,,0.0
2023-03-01 03:41:33.810000+00:00,540672.0,35328000.0,38121472.0,38121472.0,9.56,0.392859756,34.75,1121179.0,0.0,0.0,12109.0,5351503.0,0.0,0.0,12514.0,0.0,0.0,0.0,0.0
2023-03-01 03:41:38.780000+00:00,540672.0,35328000.0,38105088.0,38105088.0,9.56,0.334066246,,1122146.0,0.0,0.0,12120.0,5356762.0,0.0,0.0,12525.0,0.0,,,0.0
2023-03-01 03:41:43.706000+00:00,540672.0,35328000.0,38113280.0,38113280.0,9.58,0.392859756,34.81,1123113.0,0.0,0.0,12131.0,5362021.0,0.0,0.0,12536.0,0.0,0.0,0.0,0.0
2023-03-01 03:41:48.299000+00:00,540672.0,,38105088.0,38105088.0,9.58,0.392859756,34.82,1124080.0,0.0,0.0,12142.0,5367280.0,0.0,0.0,12547.0,0.0,,,0.0
2023-03-01 03:41:54.262000+00:00,540672.0,35328000.0,38105088.0,38105088.0,9.58,0.392859756,34.89,1125101.0,0.0,0.0,12154.0,5372613.0,0.0,0.0,12559.0,0.0,0.0,0.0,0.0
2023-03-01 03:41:59.118000+00:00,540672.0,,,,9.58,0.392859756,34.9,,,,,,,,,0.0,,,0.0
2023-03-01 03:42:03.623000+00:00,540672.0,35328000.0,38129664.0,38129664.0,9.59,0.392859756,34.96,1127077.0,0.0,0.0,12177.0,5383173.0,0.0,0.0,12582.0,0.0,0.0,0.0,0.0
2023-03-01 03:42:09.877000+00:00,540672.0,35328000.0,38236160.0,38236160.0,9.59,0.392859756,34.97,1129011.0,0.0,0.0,12199.0,5393691.0,0.0,0.0,12604.0,0.0,,0.0,0.0
2023-03-01 03:42:14.423000+00:00,540672.0,35328000.0,38158336.0,38158336.0,9.6,0.392859756,35.04,1129011.0,0.0,0.0,12199.0,5393691.0,0.0,0.0,12604.0,0.0,0.0,0.0,0.0
2023-03-01 03:42:18.913000+00:00,540672.0,,38105088.0,38105088.0,9.6,,,1129978.0,0.0,0.0,12210.0,5398950.0,0.0,0.0,12615.0,,,,0.0
2023-03-01 03:42:23.143000+00:00,557056.0,35328000.0,38117376.0,38117376.0,9.62,0.392859756,35.1,1130945.0,0.0,0.0,12221.0,5404209.0,0.0,0.0,12626.0,0.0,0.0,0.0,0.0
2023-03-01 03:42:28.128000+00:00,557056.0,,,,9.62,0.392859756,35.12,,,,,,,,,0.0,,,0.0
2023-03-01 03:42:34.053000+00:00,557056.0,35328000.0,38125568.0,38125568.0,9.64,0.392859756,35.17,1132975.0,0.0,0.0,12245.0,5414843.0,0.0,0.0,12650.0,0.0,0.0,0.0,0.0
2023-03-01 03:42:38.958000+00:00,,35328000.0,38105088.0,38105088.0,9.64,,,1133942.0,0.0,0.0,12256.0,5420102.0,0.0,0.0,12661.0,,,,
2023-03-01 03:42:43.819000+00:00,557056.0,35328000.0,38285312.0,38285312.0,9.66,0.392859756,35.23,1134909.0,0.0,0.0,12267.0,5425361.0,0.0,0.0,12672.0,0.0,0.0,0.0,0.0
2023-03-01 03:42:48.733000+00:00,557056.0,,38113280.0,38113280.0,9.66,0.392859756,35.24,1135876.0,0.0,0.0,12278.0,5430620.0,0.0,0.0,12683.0,0.0,,,0.0
2023-03-01 03:42:53.398000+00:00,557056.0,35328000.0,38285312.0,38285312.0,9.68,0.392859756,35.31,1136897.0,0.0,0.0,12290.0,5435953.0,0.0,0.0,12695.0,0.0,0.0,0.0,0.0
2023-03-01 03:42:58.235000+00:00,557056.0,35328000.0,,,9.68,0.392859756,35.31,,,,,,,,,0.0,0.0,0.0,0.0
2023-03-01 03:43:04.443000+00:00,557056.0,35328000.0,38207488.0,38207488.0,9.7,0.392859756,35.38,1138873.0,0.0,0.0,12313.0,5446513.0,0.0,0.0,12718.0,0.0,0.0,0.0,0.0
2023-03-01 03:43:09.499000+00:00,557056.0,35328000.0,38109184.0,38109184.0,9.7,0.392859756,35.38,1139840.0,0.0,0.0,12324.0,5451772.0,0.0,0.0,12729.0,0.0,,0.0,0.0
2023-03-01 03:43:12.966000+00:00,557056.0,35328000.0,38227968.0,38227968.0,9.72,0.392859756,35.44,1140807.0,0.0,0.0,12335.0,5457031.0,0.0,0.0,12740.0,0.0,0.0,0.0,0.0
2023-03-01 03:43:18.311000+00:00,557056.0,,38105088.0,38105088.0,9.72,,,1141774.0,0.0,0.0,12346.0,5462290.0,0.0,0.0,12751.0,0.0,,,0.0
2023-03-01 03:43:24.031000+00:00,552960.0,35328000.0,38277120.0,38277120.0,9.74,0.392859756,35.5,1142795.0,0.0,0.0,12358.0,5467623.0,0.0,0.0,12763.0,0.0,0.0,0.0,0.0
2023-03-01 03:43:28.531000+00:00,,35328000.0,38121472.0,38121472.0,9.74,0.392859756,35.51,1143804.0,0.0,0.0,12370.0,5472924.0,0.0,0.0,12775.0,0.0,0.0,,
2023-03-01 03:43:33.891000+00:00,552960.0,35328000.0,38400000.0,38400000.0,9.77,0.393252279,35.56,1144771.0,0.0,0.0,12381.0,5478117.0,0.0,0.0,12785.0,0.0,0.0,0.0,0.0
2023-03-01 03:43:39.474000+00:00,552960.0,35328000.0,38113280.0,38113280.0,9.77,0.393252279,35.57,1145738.0,0.0,0.0,12392.0,5483376.0,0.0,0.0,12796.0,0.0,,0.0,0.0
2023-03-01 03:43:43.426000+00:00,552960.0,35328000.0,38105088.0,38105088.0,9.77,0.393252279,35.57,1146705.0,0.0,0.0,12403.0,5488569.0,0.0,0.0,12806.0,0.0,0.0,0.0,0.0
2023-03-01 03:43:48.870000+00:00,,,38109184.0,38109184.0,9.79,,,1147672.0,0.0,0.0,12414.0,5493828.0,0.0,0.0,12817.0,,,,
2023-03-01 03:43:53.569000+00:00,552960.0,35328000.0,38232064.0,38232064.0,9.8,0.393252279,35.65,1148693.0,0.0,0.0,12426.0,5499161.0,0.0,0.0,12829.0,0.0,0.0,0.0,0.0
2023-03-01 03:43:59.675000+00:00,552960.0,35328000.0,,,9.82,0.393252279,35.71,,,,,,,,,0.0,0.0,0.0,0.0
2023-03-01 03:44:04.691000+00:00,552960.0,35328000.0,38309888.0,38309888.0,9.84,0.393252279,35.77,1150669.0,0.0,0.0,12449.0,5509721.0,0.0,0.0,12852.0,0.0,0.0,0.0,0.0
2023-03-01 03:44:09.091000+00:00,552960.0,35328000.0,38117376.0,38117376.0,9.84,0.393252279,35.77,1151636.0,0.0,0.0,12460.0,5514980.0,0.0,0.0,12863.0,0.0,,0.0,0.0
2023-03-01 03:44:14.682000+00:00,552960.0,35328000.0,38453248.0,38453248.0,9.86,0.393252279,35.82,1152603.0,0.0,0.0,12471.0,5520239.0,0.0,0.0,12874.0,0.0,0.0,0.0,0.0
2023-03-01 03:44:19.842000+00:00,,,38105088.0,38105088.0,9.86,,35.83,1154537.0,0.0,0.0,12493.0,5530757.0,0.0,0.0,12896.0,0.0,,,
2023-03-01 03:44:24.256000+00:00,557056.0,35328000.0,38109184.0,38109184.0,9.86,0.393252279,35.84,1154591.0,0.0,0.0,12494.0,5530831.0,0.0,0.0,12897.0,0.0,0.0,0.0,0.0
2023-03-01 03:44:28.619000+00:00,,35328000.0,38109184.0,38109184.0,9.87,0.393252279,35.9,1155600.0,0.0,0.0,12506.0,5536132.0,0.0,0.0,12909.0,0.0,0.0,,
2023-03-01 03:44:34.697000+00:00,557056.0,35328000.0,38105088.0,38105088.0,9.87,0.393252279,35.91,1156567.0,0.0,0.0,12517.0,5541391.0,0.0,0.0,12920.0,0.0,0.0,0.0,0.0
2023-03-01 03:44:39.421000+00:00,,35328000.0,38117376.0,38117376.0,9.89,,,1157534.0,0.0,0.0,12528.0,5546650.0,0.0,0.0,12931.0,,,,
2023-03-01 03:44:43.805000+00:00,557056.0,35328000.0,38105088.0,38105088.0,9.89,0.393252279,35.98,1158501.0,0.0,0.0,12539.0,5551909.0,0.0,0.0,12942.0,0.0,0.0,0.0,0.0
2023-03-01 03:44:48.949000+00:00,,,38121472.0,38121472.0,9.91,,36.04,1159468.0,0.0,0.0,12550.0,5557168.0,0.0,0.0,12953.0,0.0,,,
2023-03-01 03:44:53.662000+00:00,557056.0,35328000.0,38105088.0,38105088.0,9.91,0.393252279,36.06,1160489.0,0.0,0.0,12562.0,5562501.0,0.0,0.0,12965.0,0.0,0.0,0.0,0.0
2023-03-01 03:44:59.611000+00:00,,35328000.0,,,9.94,,,,,,,,,,,,0.0,0.0,
2023-03-01 03:45:04.863000+00:00,557056.0,35328000.0,38236160.0,38236160.0,9.94,0.393252279,36.12,1163432.0,0.0,0.0,12596.0,5578320.0,0.0,0.0,12999.0,0.0,0.0,0.0,0.0
2023-03-01 03:45:09.587000+00:00,557056.0,35328000.0,38240256.0,38240256.0,9.96,0.394030989,36.17,1163432.0,0.0,0.0,12596.0,5578320.0,0.0,0.0,12999.0,0.0,,0.0,0.0
2023-03-01 03:45:13.978000+00:00,557056.0,35328000.0,38105088.0,38105088.0,9.96,0.394030989,36.18,1164399.0,0.0,0.0,12607.0,5583579.0,0.0,0.0,13010.0,0.0,0.0,0.0,0.0
2023-03-01 03:45:18.763000+00:00,,35328000.0,38113280.0,38113280.0,9.98,0.394030989,36.24,1165366.0,0.0,0.0,12618.0,5588838.0,0.0,0.0,13021.0,0.0,,,
2023-03-01 03:45:24.777000+00:00,561152.0,35328000.0,38105088.0,38105088.0,9.98,0.394030989,36.26,1167354.0,0.0,0.0,12641.0,5599430.0,0.0,0.0,13044.0,0.0,0.0,0.0,0.0
2023-03-01 03:45:29.067000+00:00,561152.0,35328000.0,,,10.0,0.394030989,36.31,,,,,,,,,0.0,0.0,0.0,0.0
2023-03-01 03:45:34.324000+00:00,561152.0,35328000.0,38105088.0,38105088.0,10.0,0.394030989,36.31,1168363.0,0.0,0.0,12653.0,5604731.0,0.0,0.0,13056.0,0.0,0.0,0.0,0.0
2023-03-01 03:45:38.385000+00:00,561152.0,35328000.0,38268928.0,38268928.0,10.02,0.394030989,36.38,1169330.0,0.0,0.0,12664.0,5609990.0,0.0,0.0,13067.0,0.0,,0.0,0.0
2023-03-01 03:45:43.486000+00:00,561152.0,35328000.0,38105088.0,38105088.0,10.02,0.394030989,36.38,1170297.0,0.0,0.0,12675.0,5615249.0,0.0,0.0,13078.0,0.0,0.0,0.0,0.0
2023-03-01 03:45:49.224000+00:00,,,38113280.0,38113280.0,10.04,,36.44,1171334.0,0.0,0.0,12687.0,5620508.0,0.0,0.0,13089.0,0.0,,,
2023-03-01 03:45:54.136000+00:00,561152.0,35328000.0,38105088.0,38105088.0,10.04,0.394030989,36.45,1172355.0,0.0,0.0,12699.0,5625841.0,0.0,0.0,13101.0,0.0,0.0,0.0,0.0
2023-03-01 03:45:58.398000+00:00,561152.0,,,,10.07,0.394030989,36.51,,,,,,,,,0.0,,,0.0
2023-03-01 03:46:04.640000+00:00,561152.0,35328000.0,38105088.0,38105088.0,10.07,0.394030989,36.51,1174331.0,0.0,0.0,12722.0,5636401.0,0.0,0.0,13124.0,0.0,0.0,0.0,0.0
2023-03-01 03:46:08.757000+00:00,,35328000.0,38240256.0,38240256.0,10.1,,,1175298.0,0.0,0.0,12733.0,5641660.0,0.0,0.0,13135.0,,0.0,0.0,
2023-03-01 03:46:13.661000+00:00,561152.0,35328000.0,38113280.0,38113280.0,10.1,0.394030989,36.58,1176265.0,0.0,0.0,12744.0,5646919.0,0.0,0.0,13146.0,0.0,0.0,0.0,0.0
2023-03-01 03:46:19.888000+00:00,,,38109184.0,38109184.0,10.11,0.394030989,,1178199.0,0.0,0.0,12766.0,5657437.0,0.0,0.0,13168.0,,,,
2023-03-01 03:46:23.992000+00:00,565248.0,35328000.0,38105088.0,38105088.0,10.11,0.394030989,36.66,1178253.0,0.0,0.0,12767.0,5657511.0,0.0,0.0,13169.0,0.0,0.0,0.0,0.0
2023-03-01 03:46:28.635000+00:00,565248.0,35328000.0,,,10.11,0.394030989,36.67,,,,,,,,,0.0,0.0,0.0,0.0
2023-03-01 03:46:34.008000+00:00,565248.0,35328000.0,38113280.0,38113280.0,10.13,0.394030989,36.73,1180229.0,0.0,0.0,12790.0,5668071.0,0.0,0.0,13192.0,0.0,0.0,0.0,0.0
2023-03-01 03:46:39.038000+00:00,,35328000.0,38105088.0,38105088.0,10.13,,,1181196.0,0.0,0.0,12801.0,5673330.0,0.0,0.0,13203.0,,,,
2023-03-01 03:46:43.439000+00:00,565248.0,35328000.0,38129664.0,38129664.0,10.16,0.394030989,36.79,1182163.0,0.0,0.0,12812.0,5678589.0,0.0,0.0,13214.0,0.0,0.0,0.0,0.0
2023-03-01 03:46:48.201000+00:00,565248.0,35328000.0,38105088.0,38105088.0,10.16,0.15288166,,1183130.0,0.0,0.0,12823.0,5683848.0,0.0,0.0,13225.0,,,0.0,0.0
2023-03-01 03:46:54.856000+00:00,565248.0,35328000.0,38105088.0,38105088.0,10.18,0.394030989,36.87,1185118.0,0.0,0.0,12846.0,5694440.0,0.0,0.0,13248.0,0.0,0.0,0.0,0.0
2023-03-01 03:46:59.714000+00:00,565248.0,,,,10.18,0.394030989,36.87,,,,,,,,,0.0,0.0,0.0,0.0
2023-03-01 03:47:04.644000+00:00,565248.0,35328000.0,38117376.0,38117376.0,10.19,0.394030989,36.93,1186127.0,0.0,0.0,12858.0,5699741.0,0.0,0.0,13260.0,0.0,0.0,0.0,0.0
2023-03-01 03:47:08.863000+00:00,565248.0,,,38105088.0,10.19,,,1187094.0,0.0,0.0,12869.0,5705000.0,0.0,0.0,13271.0,0.0,,,0.0
2023-03-01 03:47:14.671000+00:00,565248.0,35328000.0,38137856.0,38137856.0,10.22,0.394030989,37.0,1188061.0,0.0,0.0,12880.0,5710259.0,0.0,0.0,13282.0,0.0,0.0,0.0,0.0
2023-03-01 03:47:19.325000+00:00,565248.0,35328000.0,38105088.0,38105088.0,10.22,0.394030989,37.0,1189028.0,0.0,0.0,12891.0,5715518.0,0.0,0.0,13293.0,0.0,,0.0,0.0
2023-03-01 03:47:24.494000+00:00,569344.0,35328000.0,38109184.0,38109184.0,10.24,0.394030989,37.07,1190049.0,0.0,0.0,12903.0,5720851.0,0.0,0.0,13305.0,0.0,0.0,0.0,0.0
2023-03-01 03:47:28.298000+00:00,,,,,10.24,0.394030989,,,,,,,,,,,0.0,0.0,
2023-03-01 03:47:34.391000+00:00,569344.0,35328000.0,38154240.0,38154240.0,10.25,0.394030989,37.14,1192025.0,0.0,0.0,12926.0,5731411.0,0.0,0.0,13328.0,0.0,0.0,0.0,0.0
2023-03-01 03:47:38.730000+00:00,569344.0,,,38109184.0,10.25,,,1192992.0,0.0,0.0,12937.0,5736670.0,0.0,0.0,13339.0,,,,0.0
2023-03-01 03:47:44.352000+00:00,569344.0,35328000.0,38273024.0,38273024.0,10.27,0.39466863,37.21,1193959.0,0.0,0.0,12948.0,5741929.0,0.0,0.0,13350.0,0.0,0.0,0.0,0.0
2023-03-01 03:47:48.617000+00:00,569344.0,35328000.0,38109184.0,38109184.0,10.27,0.39466863,37.22,1194926.0,0.0,0.0,12959.0,5747188.0,0.0,0.0,13361.0,0.0,,0.0,0.0
2023-03-01 03:47:53.902000+00:00,569344.0,35328000.0,38215680.0,38215680.0,10.29,0.39466863,37.28,1195947.0,0.0,0.0,12971.0,5752521.0,0.0,0.0,13373.0,0.0,0.0,0.0,0.0
2023-03-01 03:47:59.735000+00:00,,35328000.0,38236160.0,38236160.0,10.29,0.39466863,,1197923.0,0.0,0.0,12994.0,,,,,,0.0,,
2023-03-01 03:48:03.835000+00:00,569344.0,35328000.0,38170624.0,38170624.0,10.31,0.39466863,37.34,1197923.0,0.0,0.0,12994.0,5763081.0,0.0,0.0,13396.0,0.0,0.0,0.0,0.0
2023-03-01 03:48:08.223000+00:00,,,38109184.0,38109184.0,10.31,,,1198890.0,0.0,0.0,13005.0,5768340.0,0.0,0.0,13407.0,,,0.0,0.0
2023-03-01 03:48:14.020000+00:00,569344.0,35328000.0,38490112.0,38490112.0,10.32,0.39466863,37.4,1199857.0,0.0,0.0,13016.0,5773599.0,0.0,0.0,13418.0,0.0,0.0,0.0,0.0
2023-03-01 03:48:18.884000+00:00,,35328000.0,38162432.0,38162432.0,10.32,0.39466863,37.41,1200824.0,0.0,0.0,13027.0,5778858.0,0.0,0.0,13429.0,0.0,0.0,,
2023-03-01 03:48:24.373000+00:00,577536.0,35328000.0,38367232.0,38367232.0,10.34,0.39466863,37.47,1201845.0,0.0,0.0,13039.0,5784191.0,0.0,0.0,13441.0,0.0,0.0,0.0,0.0
2023-03-01 03:48:28.936000+00:00,577536.0,,,,10.34,,,,,,,,,,,0.0,,,0.0
2023-03-01 03:48:33.270000+00:00,577536.0,35328000.0,38105088.0,38105088.0,10.34,0.39466863,37.48,1203821.0,0.0,0.0,13062.0,5794751.0,0.0,0.0,13464.0,0.0,0.0,0.0,0.0
2023-03-01 03:48:39.880000+00:00,577536.0,,38109184.0,38109184.0,10.37,0.39466863,37.53,1205755.0,0.0,0.0,13084.0,5805269.0,0.0,0.0,13486.0,0.0,,,0.0
2023-03-01 03:48:44.343000+00:00,577536.0,35328000.0,38105088.0,38105088.0,10.37,0.39466863,37.53,1205755.0,0.0,0.0,13084.0,5805269.0,0.0,0.0,13486.0,0.0,0.0,0.0,0.0
2023-03-01 03:48:48.727000+00:00,577536.0,35328000.0,38232064.0,38232064.0,10.39,0.39466863,37.59,1206722.0,0.0,0.0,13095.0,5810528.0,0.0,0.0,13497.0,0.0,,0.0,0.0
2023-03-01 03:48:53.516000+00:00,577536.0,35328000.0,38232064.0,38232064.0,10.39,0.39466863,37.6,1207743.0,0.0,0.0,13107.0,5815861.0,0.0,0.0,13509.0,0.0,0.0,0.0,0.0
2023-03-01 03:48:59.741000+00:00,577536.0,,,,10.4,0.461266772,,,,,,,,,,,,0.0,0.0
2023-03-01 03:49:04.849000+00:00,577536.0,35328000.0,38236160.0,38236160.0,10.4,0.39466863,37.68,1210686.0,0.0,0.0,13141.0,5831680.0,0.0,0.0,13543.0,0.0,0.0,0.0,0.0
2023-03-01 03:49:08.652000+00:00,577536.0,35328000.0,38158336.0,38158336.0,10.42,0.39466863,37.73,1210686.0,0.0,0.0,13141.0,5831680.0,0.0,0.0,13543.0,0.0,0.0,0.0,0.0
2023-03-01 03:49:14.464000+00:00,577536.0,35328000.0,38105088.0,38105088.0,10.42,0.39466863,37.74,1211653.0,0.0,0.0,13152.0,5836939.0,0.0,0.0,13554.0,0.0,0.0,0.0,0.0
2023-03-01 03:49:19.078000+00:00,577536.0,35328000.0,38117376.0,38117376.0,10.43,0.39466863,37.8,1212620.0,0.0,0.0,13163.0,5842198.0,0.0,0.0,13565.0,0.0,,0.0,0.0
2023-03-01 03:49:24.176000+00:00,581632.0,35328000.0,38232064.0,38232064.0,10.43,0.39466863,37.81,1213641.0,0.0,0.0,13175.0,5847531.0,0.0,0.0,13577.0,0.0,0.0,0.0,0.0
2023-03-01 03:49:29.259000+00:00,,,,,10.46,0.819419969,,,,,,,,,,,,,
2023-03-01 03:49:34.240000+00:00,581632.0,35328000.0,38105088.0,38105088.0,10.46,0.39466863,37.87,1215617.0,0.0,0.0,13198.0,5858091.0,0.0,0.0,13600.0,0.0,0.0,0.0,0.0
2023-03-01 03:49:39.210000+00:00,,,38199296.0,38199296.0,10.48,0.39466863,37.93,1216584.0,0.0,0.0,13209.0,5863350.0,0.0,0.0,13611.0,0.0,,,
2023-03-01 03:49:44.045000+00:00,581632.0,35328000.0,38117376.0,38117376.0,10.48,0.39466863,37.94,1217551.0,0.0,0.0,13220.0,5868609.0,0.0,0.0,13622.0,0.0,0.0,0.0,0.0
2023-03-01 03:49:48.988000+00:00,581632.0,35328000.0,38215680.0,38215680.0,10.5,0.39466863,38.0,1218518.0,0.0,0.0,13231.0,5873868.0,0.0,0.0,13633.0,0.0,,0.0,0.0
2023-03-01 03:49:53.854000+00:00,581632.0,35328000.0,38232064.0,38232064.0,10.5,0.39466863,38.01,1219539.0,0.0,0.0,13243.0,5879201.0,0.0,0.0,13645.0,0.0,0.0,0.0,0.0
2023-03-01 03:49:59.381000+00:00,581632.0,35328000.0,38129664.0,38129664.0,10.52,0.39466863,38.07,1220548.0,0.0,0.0,,,,,,0.0,0.0,0.0,0.0
2023-03-01 03:50:04.529000+00:00,581632.0,35328000.0,38105088.0,38105088.0,10.52,0.39466863,38.07,1221515.0,0.0,0.0,13266.0,5889761.0,0.0,0.0,13668.0,0.0,0.0,0.0,0.0
2023-03-01 03:50:08.788000+00:00,581632.0,,38457344.0,38457344.0,10.54,0.395113824,38.13,1222482.0,0.0,0.0,13277.0,5895020.0,0.0,0.0,13679.0,0.0,,,0.0
2023-03-01 03:50:13.613000+00:00,581632.0,35328000.0,38141952.0,38141952.0,10.54,0.395113824,38.14,1223449.0,0.0,0.0,13288.0,5900279.0,0.0,0.0,13690.0,0.0,0.0,0.0,0.0
2023-03-01 03:50:19.676000+00:00,581632.0,35328000.0,38129664.0,38129664.0,10.56,0.395113824,38.19,1224416.0,0.0,0.0,13299.0,5905538.0,0.0,0.0,13701.0,0.0,,0.0,0.0
2023-03-01 03:50:24.087000+00:00,585728.0,35328000.0,38105088.0,38105088.0,10.56,0.395113824,38.2,1225437.0,0.0,0.0,13311.0,5910871.0,0.0,0.0,13713.0,0.0,0.0,0.0,0.0
2023-03-01 03:50:29.216000+00:00,585728.0,35328000.0,38199296.0,38199296.0,10.58,0.395113824,38.26,1226446.0,0.0,,,,,,,0.0,0.0,0.0,0.0
2023-03-01 03:50:34.909000+00:00,585728.0,35328000.0,38105088.0,38105088.0,10.58,0.395113824,38.26,1228380.0,0.0,0.0,13345.0,5926690.0,0.0,0.0,13747.0,0.0,0.0,0.0,0.0
2023-03-01 03:50:39.753000+00:00,,,38133760.0,38133760.0,10.6,0.395113824,38.32,1229347.0,0.0,0.0,13356.0,5931949.0,0.0,0.0,13758.0,0.0,,,
2023-03-01 03:50:43.030000+00:00,585728.0,35328000.0,38109184.0,38109184.0,10.6,0.395113824,38.32,1229347.0,0.0,0.0,13356.0,5931949.0,0.0,0.0,13758.0,0.0,0.0,0.0,0.0
2023-03-01 03:50:49.648000+00:00,585728.0,35328000.0,38137856.0,38137856.0,10.62,0.395113824,38.39,1230314.0,0.0,0.0,13367.0,5937208.0,0.0,0.0,13769.0,0.0,,0.0,0.0
2023-03-01 03:50:53.401000+00:00,585728.0,35328000.0,38125568.0,38125568.0,10.62,0.395113824,38.39,1231281.0,0.0,0.0,13378.0,5942467.0,0.0,0.0,13780.0,0.0,0.0,0.0,0.0
2023-03-01 03:50:58.848000+00:00,,35328000.0,38404096.0,,10.64,0.395113824,38.46,,,,,,,,,0.0,0.0,,
2023-03-01 03:51:03.069000+00:00,585728.0,35328000.0,38129664.0,38129664.0,10.64,0.395113824,38.46,1233311.0,0.0,0.0,13402.0,5953101.0,0.0,0.0,13804.0,0.0,0.0,0.0,0.0
2023-03-01 03:51:09.804000+00:00,585728.0,35328000.0,38154240.0,38154240.0,10.65,0.395113824,38.54,1235245.0,0.0,0.0,13424.0,5963619.0,0.0,0.0,13826.0,0.0,0.0,0.0,0.0
2023-03-01 03:51:14.588000+00:00,585728.0,35328000.0,38109184.0,38109184.0,10.65,0.395113824,38.54,1235245.0,0.0,0.0,13424.0,5963619.0,0.0,0.0,13826.0,0.0,0.0,0.0,0.0
2023-03-01 03:51:18.709000+00:00,585728.0,35328000.0,38105088.0,38105088.0,10.65,0.395113824,38.55,1236212.0,0.0,0.0,13435.0,5968878.0,0.0,0.0,13837.0,0.0,,0.0,0.0
2023-03-01 02:21:35.073000+00:00,,,,,,,,,,,,,,,,,,,
2023-03-01 02:21:44.991000+00:00,,,,,,,,,,,,,,,,,,,
2023-03-01 02:21:50.104000+00:00,,,,,,,,,,,,,,,,,,,
2023-03-01 02:21:54.984000+00:00,,,,,,,,,,,,,,,,,,,
2023-03-01 02:22:05.106000+00:00,,,,,,,,,,,,,,,,,,,
2023-03-01 02:22:15.015000+00:00,,,,,,,,,,,,,,,,,,,
2023-03-01 02:22:25.083000+00:00,,,,,,,,,,,,,,,,,,,
2023-03-01 02:22:35.084000+00:00,,,,,,,,,,,,,,,,,,,
2023-03-01 02:22:44.945000+00:00,,,,,,,,,,,,,,,,,,,
2023-03-01 02:22:50.132000+00:00,,,,,,,,,,,,,,,,,,,
2023-03-01 02:22:55.149000+00:00,,,,,,,,,,,,,,,,,,,
2023-03-01 02:23:05.166000+00:00,,,,,,,,,,,,,,,,,,,
2023-03-01 02:23:15.130000+00:00,,,,,,,,,,,,,,,,,,,
2023-03-01 02:23:20.127000+00:00,,,,,,,,,,,,,,,,,,,
2023-03-01 02:23:25.178000+00:00,,,,,,,,,,,,,,,,,,,
2023-03-01 02:23:35.080000+00:00,,,,,,,,,,,,,,,,,,,
2023-03-01 02:23:45.112000+00:00,,,,,,,,,,,,,,,,,,,
2023-03-01 02:23:54.990000+00:00,,,,,,,,,,,,,,,,,,,
2023-03-01 02:24:05.003000+00:00,,,,,,,,,,,,,,,,,,,
2023-03-01 02:24:15.099000+00:00,,,,,,,,,,,,,,,,,,,
2023-03-01 02:24:25.096000+00:00,,,,,,,,,,,,,,,,,,,
2023-03-01 02:24:29.986000+00:00,,,,,,,,,,,,,,,,,,,
2023-03-01 02:24:35.152000+00:00,,,,,,,,,,,,,,,,,,,
2023-03-01 02:24:44.992000+00:00,,,,,,,,,,,,,,,,,,,
2023-03-01 02:24:55.132000+00:00,,,,,,,,,,,,,,,,,,,
2023-03-01 02:25:05.148000+00:00,,,,,,,,,,,,,,,,,,,
2023-03-01 02:25:14.967000+00:00,,,,,,,,,,,,,,,,,,,
2023-03-01 02:25:20.023000+00:00,,,,,,,,,,,,,,,,,,,
2023-03-01 02:25:24.957000+00:00,,,,,,,,,,,,,,,,,,,
2023-03-01 02:25:30.035000+00:00,,,,,,,,,,,,,,,,,,,
2023-03-01 02:25:35.001000+00:00,,,,,,,,,,,,,,,,,,,
2023-03-01 02:25:40.041000+00:00,,,,,,,,,,,,,,,,,,,
2023-03-01 02:25:45.150000+00:00,,,,,,,,,,,,,,,,,,,
2023-03-01 02:25:55.109000+00:00,,,,,,,,,,,,,,,,,,,
2023-03-01 02:26:05.179000+00:00,,,,,,,,,,,,,,,,,,,
2023-03-01 02:26:15.002000+00:00,,,,,,,,,,,,,,,,,,,
2023-03-01 02:26:24.967000+00:00,,,,,,,,,,,,,,,,,,,
2023-03-01 02:26:29.993000+00:00,,,,,,,,,,,,,,,,,,,
2023-03-01 02:26:35.129000+00:00,,,,,,,,,,,,,,,,,,,
2023-03-01 02:26:45.046000+00:00,,,,,,,,,,,,,,,,,,,
2023-03-01 02:26:49.980000+00:00,,,,,,,,,,,,,,,,,,,
2023-03-01 02:26:55.147000+00:00,,,,,,,,,,,,,,,,,,,
2023-03-01 02:26:59.953000+00:00,,,,,,,,,,,,,,,,,,,
2023-03-01 02:27:05.033000+00:00,,,,,,,,,,,,,,,,,,,
2023-03-01 02:27:10.114000+00:00,,,,,,,,,,,,,,,,,,,
2023-03-01 02:27:15.092000+00:00,,,,,,,,,,,,,,,,,,,
2023-03-01 02:27:25.173000+00:00,,,,,,,,,,,,,,,,,,,
2023-03-01 02:27:30.092000+00:00,,,,,,,,,,,,,,,,,,,
2023-03-01 02:27:35.204000+00:00,,,,,,,,,,,,,,,,,,,
2023-03-01 02:27:45.032000+00:00,,,,,,,,,,,,,,,,,,,
2023-03-01 02:27:50.178000+00:00,,,,,,,,,,,,,,,,,,,
2023-03-01 02:27:55.160000+00:00,,,,,,,,,,,,,,,,,,,
2023-03-01 02:27:59.986000+00:00,,,,,,,,,,,,,,,,,,,
2023-03-01 02:28:05.018000+00:00,,,,,,,,,,,,,,,,,,,
2023-03-01 02:28:15.058000+00:00,,,,,,,,,,,,,,,,,,,
2023-03-01 02:28:19.996000+00:00,,,,,,,,,,,,,,,,,,,
2023-03-01 02:28:25.136000+00:00,,,,,,,,,,,,,,,,,,,
2023-03-01 02:28:29.984000+00:00,,,,,,,,,,,,,,,,,,,
2023-03-01 02:28:35.035000+00:00,,,,,,,,,,,,,,,,,,,
2023-03-01 02:28:40.161000+00:00,,,,,,,,,,,,,,,,,,,
2023-03-01 02:28:44.986000+00:00,,,,,,,,,,,,,,,,,,,
2023-03-01 02:28:50.089000+00:00,,,,,,,,,,,,,,,,,,,
2023-03-01 02:28:54.971000+00:00,,,,,,,,,,,,,,,,,,,
2023-03-01 02:29:05.065000+00:00,,,,,,,,,,,,,,,,,,,
2023-03-01 02:29:10.158000+00:00,,,,,,,,,,,,,,,,,,,
2023-03-01 02:29:15.098000+00:00,,,,,,,,,,,,,,,,,,,
2023-03-01 02:29:25.125000+00:00,,,,,,,,,,,,,,,,,,,
2023-03-01 02:29:30.158000+00:00,,,,,,,,,,,,,,,,,,,
2023-03-01 02:29:34.961000+00:00,,,,,,,,,,,,,,,,,,,
2023-03-01 02:29:40.110000+00:00,,,,,,,,,,,,,,,,,,,
2023-03-01 02:29:44.967000+00:00,,,,,,,,,,,,,,,,,,,
2023-03-01 02:29:50.128000+00:00,,,,,,,,,,,,,,,,,,,
2023-03-01 02:29:54.935000+00:00,,,,,,,,,,,,,,,,,,,
2023-03-01 02:30:04.980000+00:00,,,,,,,,,,,,,,,,,,,
2023-03-01 02:30:10.053000+00:00,,,,,,,,,,,,,,,,,,,
2023-03-01 02:30:15.117000+00:00,,,,,,,,,,,,,,,,,,,
2023-03-01 02:30:25.167000+00:00,,,,,,,,,,,,,,,,,,,
2023-03-01 02:30:30.046000+00:00,,,,,,,,,,,,,,,,,,,
2023-03-01 02:30:34.984000+00:00,,,,,,,,,,,,,,,,,,,
2023-03-01 02:30:39.996000+00:00,,,,,,,,,,,,,,,,,,,
2023-03-01 02:30:45.065000+00:00,,,,,,,,,,,,,,,,,,,
2023-03-01 02:30:49.966000+00:00,,,,,,,,,,,,,,,,,,,
2023-03-01 02:30:54.952000+00:00,,,,,,,,,,,,,,,,,,,
2023-03-01 02:31:00.160000+00:00,,,,,,,,,,,,,,,,,,,
2023-03-01 02:31:05.043000+00:00,,,,,,,,,,,,,,,,,,,
2023-03-01 02:31:15.047000+00:00,,,,,,,,,,,,,,,,,,,
2023-03-01 02:31:19.977000+00:00,,,,,,,,,,,,,,,,,,,
2023-03-01 02:31:25.038000+00:00,,,,,,,,,,,,,,,,,,,
2023-03-01 02:31:30.054000+00:00,,,,,,,,,,,,,,,,,,,
2023-03-01 02:31:35.197000+00:00,,,,,,,,,,,,,,,,,,,
2023-03-01 02:31:45.053000+00:00,,,,,,,,,,,,,,,,,,,
2023-03-01 02:31:50.003000+00:00,,,,,,,,,,,,,,,,,,,
2023-03-01 02:31:55.112000+00:00,,,,,,,,,,,,,,,,,,,
2023-03-01 02:31:59.955000+00:00,,,,,,,,,,,,,,,,,,,
2023-03-01 02:32:05.170000+00:00,,,,,,,,,,,,,,,,,,,
2023-03-01 02:32:10.138000+00:00,,,,,,,,,,,,,,,,,,,
2023-03-01 02:32:15.020000+00:00,,,,,,,,,,,,,,,,,,,
2023-03-01 02:32:20.107000+00:00,,,,,,,,,,,,,,,,,,,
2023-03-01 02:32:25.107000+00:00,,,,,,,,,,,,,,,,,,,
2023-03-01 02:32:30.086000+00:00,,,,,,,,,,,,,,,,,,,
2023-03-01 02:32:35.010000+00:00,,,,,,,,,,,,,,,,,,,
2023-03-01 02:32:45.091000+00:00,,,,,,,,,,,,,,,,,,,
2023-03-01 02:32:50.016000+00:00,,,,,,,,,,,,,,,,,,,
2023-03-01 02:32:55.147000+00:00,,,,,,,,,,,,,,,,,,,
2023-03-01 02:33:05.062000+00:00,,,,,,,,,,,,,,,,,,,
2023-03-01 02:33:10.108000+00:00,,,,,,,,,,,,,,,,,,,
2023-03-01 02:33:14.967000+00:00,,,,,,,,,,,,,,,,,,,
2023-03-01 02:33:20.172000+00:00,,,,,,,,,,,,,,,,,,,
2023-03-01 02:33:24.962000+00:00,,,,,,,,,,,,,,,,,,,
2023-03-01 02:33:29.963000+00:00,,,,,,,,,,,,,,,,,,,
2023-03-01 02:33:34.956000+00:00,,,,,,,,,,,,,,,,,,,
2023-03-01 02:33:40.017000+00:00,,,,,,,,,,,,,,,,,,,
2023-03-01 02:33:45.045000+00:00,,,,,,,,,,,,,,,,,,,
2023-03-01 02:33:54.987000+00:00,,,,,,,,,,,,,,,,,,,
2023-03-01 02:34:00.120000+00:00,,,,,,,,,,,,,,,,,,,
2023-03-01 02:34:05.137000+00:00,,,,,,,,,,,,,,,,,,,
2023-03-01 02:34:10.070000+00:00,,,,,,,,,,,,,,,,,,,
2023-03-01 02:34:15.063000+00:00,,,,,,,,,,,,,,,,,,,
2023-03-01 02:34:20.176000+00:00,,,,,,,,,,,,,,,,,,,
2023-03-01 02:34:25.213000+00:00,,,,,,,,,,,,,,,,,,,
2023-03-01 02:34:35.134000+00:00,,,,,,,,,,,,,,,,,,,
2023-03-01 02:34:40.012000+00:00,,,,,,,,,,,,,,,,,,,
2023-03-01 02:34:44.963000+00:00,,,,,,,,,,,,,,,,,,,
2023-03-01 02:34:50.052000+00:00,,,,,,,,,,,,,,,,,,,
2023-03-01 02:34:55.015000+00:00,,,,,,,,,,,,,,,,,,,
2023-03-01 02:35:00.092000+00:00,,,,,,,,,,,,,,,,,,,
2023-03-01 02:35:05.112000+00:00,,,,,,,,,,,,,,,,,,,
2023-03-01 02:35:10.108000+00:00,,,,,,,,,,,,,,,,,,,
2023-03-01 02:35:15.114000+00:00,,,,,,,,,,,,,,,,,,,
2023-03-01 02:35:20.168000+00:00,,,,,,,,,,,,,,,,,,,
2023-03-01 02:35:24.949000+00:00,,,,,,,,,,,,,,,,,,,
2023-03-01 02:35:35.104000+00:00,,,,,,,,,,,,,,,,,,,
2023-03-01 02:35:45.096000+00:00,,,,,,,,,,,,,,,,,,,
2023-03-01 02:35:50.057000+00:00,,,,,,,,,,,,,,,,,,,
2023-03-01 02:35:54.977000+00:00,,,,,,,,,,,,,,,,,,,
2023-03-01 02:35:59.991000+00:00,,,,,,,,,,,,,,,,,,,
2023-03-01 02:36:04.982000+00:00,,,,,,,,,,,,,,,,,,,
2023-03-01 02:36:09.993000+00:00,,,,,,,,,,,,,,,,,,,
2023-03-01 02:36:15.142000+00:00,,,,,,,,,,,,,,,,,,,
2023-03-01 02:36:20.034000+00:00,,,,,,,,,,,,,,,,,,,
2023-03-01 02:36:25.172000+00:00,,,,,,,,,,,,,,,,,,,
2023-03-01 02:36:30.171000+00:00,,,,,,,,,,,,,,,,,,,
2023-03-01 02:36:35.023000+00:00,,,,,,,,,,,,,,,,,,,
2023-03-01 02:36:40.065000+00:00,,,,,,,,,,,,,,,,,,,
2023-03-01 02:36:45.068000+00:00,,,,,,,,,,,,,,,,,,,
2023-03-01 02:36:50.068000+00:00,,,,,,,,,,,,,,,,,,,
2023-03-01 02:36:54.997000+00:00,,,,,,,,,,,,,,,,,,,
2023-03-01 02:37:05.155000+00:00,,,,,,,,,,,,,,,,,,,
2023-03-01 02:37:09.986000+00:00,,,,,,,,,,,,,,,,,,,
2023-03-01 02:37:14.997000+00:00,,,,,,,,,,,,,,,,,,,
2023-03-01 02:37:20.061000+00:00,,,,,,,,,,,,,,,,,,,
2023-03-01 02:37:25.018000+00:00,,,,,,,,,,,,,,,,,,,
2023-03-01 02:37:35.012000+00:00,,,,,,,,,,,,,,,,,,,
2023-03-01 02:37:45.053000+00:00,,,,,,,,,,,,,,,,,,,
2023-03-01 02:37:50.110000+00:00,,,,,,,,,,,,,,,,,,,
2023-03-01 02:37:55.074000+00:00,,,,,,,,,,,,,,,,,,,
2023-03-01 02:38:05.035000+00:00,,,,,,,,,,,,,,,,,,,
2023-03-01 02:38:15.160000+00:00,,,,,,,,,,,,,,,,,,,
2023-03-01 02:38:20.042000+00:00,,,,,,,,,,,,,,,,,,,
2023-03-01 02:38:25.115000+00:00,,,,,,,,,,,,,,,,,,,
2023-03-01 02:38:30.118000+00:00,,,,,,,,,,,,,,,,,,,
2023-03-01 02:38:35.062000+00:00,,,,,,,,,,,,,,,,,,,
2023-03-01 02:38:44.951000+00:00,,,,,,,,,,,,,,,,,,,
2023-03-01 02:38:55.022000+00:00,,,,,,,,,,,,,,,,,,,
2023-03-01 02:39:00.016000+00:00,,,,,,,,,,,,,,,,,,,
2023-03-01 02:39:05.010000+00:00,,,,,,,,,,,,,,,,,,,
2023-03-01 02:39:15.122000+00:00,,,,,,,,,,,,,,,,,,,
2023-03-01 02:39:20.034000+00:00,,,,,,,,,,,,,,,,,,,
2023-03-01 02:39:25.019000+00:00,,,,,,,,,,,,,,,,,,,
2023-03-01 02:39:29.966000+00:00,,,,,,,,,,,,,,,,,,,
2023-03-01 02:39:34.996000+00:00,,,,,,,,,,,,,,,,,,,
2023-03-01 02:39:40.069000+00:00,,,,,,,,,,,,,,,,,,,
2023-03-01 02:39:45.082000+00:00,,,,,,,,,,,,,,,,,,,
2023-03-01 02:39:50.038000+00:00,,,,,,,,,,,,,,,,,,,
2023-03-01 02:39:55.026000+00:00,,,,,,,,,,,,,,,,,,,
2023-03-01 02:40:04.958000+00:00,,,,,,,,,,,,,,,,,,,
2023-03-01 02:40:15.032000+00:00,,,,,,,,,,,,,,,,,,,
2023-03-01 02:40:25.008000+00:00,,,,,,,,,,,,,,,,,,,
2023-03-01 02:40:29.953000+00:00,,,,,,,,,,,,,,,,,,,
2023-03-01 02:40:35.203000+00:00,,,,,,,,,,,,,,,,,,,
2023-03-01 02:40:39.985000+00:00,,,,,,,,,,,,,,,,,,,
2023-03-01 02:40:45.153000+00:00,,,,,,,,,,,,,,,,,,,
2023-03-01 02:40:54.977000+00:00,,,,,,,,,,,,,,,,,,,
2023-03-01 02:41:00.101000+00:00,,,,,,,,,,,,,,,,,,,
2023-03-01 02:41:05.223000+00:00,,,,,,,,,,,,,,,,,,,
2023-03-01 02:41:15.089000+00:00,,,,,,,,,,,,,,,,,,,
2023-03-01 02:41:25.111000+00:00,,,,,,,,,,,,,,,,,,,
2023-03-01 02:41:30.017000+00:00,,,,,,,,,,,,,,,,,,,
2023-03-01 02:41:34.958000+00:00,,,,,,,,,,,,,,,,,,,
2023-03-01 02:41:40.100000+00:00,,,,,,,,,,,,,,,,,,,
2023-03-01 02:41:45.072000+00:00,,,,,,,,,,,,,,,,,,,
2023-03-01 02:41:50.064000+00:00,,,,,,,,,,,,,,,,,,,
2023-03-01 02:41:55.115000+00:00,,,,,,,,,,,,,,,,,,,
2023-03-01 02:42:00.109000+00:00,,,,,,,,,,,,,,,,,,,
2023-03-01 02:42:05.022000+00:00,,,,,,,,,,,,,,,,,,,
2023-03-01 02:42:10.122000+00:00,,,,,,,,,,,,,,,,,,,
2023-03-01 02:42:15.103000+00:00,,,,,,,,,,,,,,,,,,,
2023-03-01 02:42:25.098000+00:00,,,,,,,,,,,,,,,,,,,
2023-03-01 02:42:30.144000+00:00,,,,,,,,,,,,,,,,,,,
2023-03-01 02:42:35.025000+00:00,,,,,,,,,,,,,,,,,,,
2023-03-01 02:42:44.955000+00:00,,,,,,,,,,,,,,,,,,,
2023-03-01 02:42:49.993000+00:00,,,,,,,,,,,,,,,,,,,
2023-03-01 02:42:55.087000+00:00,,,,,,,,,,,,,,,,,,,
2023-03-01 02:43:00.125000+00:00,,,,,,,,,,,,,,,,,,,
2023-03-01 02:43:05.048000+00:00,,,,,,,,,,,,,,,,,,,
2023-03-01 02:43:10.122000+00:00,,,,,,,,,,,,,,,,,,,
2023-03-01 02:43:15.095000+00:00,,,,,,,,,,,,,,,,,,,
2023-03-01 02:43:25.125000+00:00,,,,,,,,,,,,,,,,,,,
2023-03-01 02:43:30.118000+00:00,,,,,,,,,,,,,,,,,,,
2023-03-01 02:43:35.010000+00:00,,,,,,,,,,,,,,,,,,,
2023-03-01 02:43:40.093000+00:00,,,,,,,,,,,,,,,,,,,
2023-03-01 02:43:45.074000+00:00,,,,,,,,,,,,,,,,,,,
2023-03-01 02:43:55.084000+00:00,,,,,,,,,,,,,,,,,,,
2023-03-01 02:44:00.048000+00:00,,,,,,,,,,,,,,,,,,,
2023-03-01 02:44:04.989000+00:00,,,,,,,,,,,,,,,,,,,
2023-03-01 02:44:09.945000+00:00,,,,,,,,,,,,,,,,,,,
2023-03-01 02:44:15.149000+00:00,,,,,,,,,,,,,,,,,,,
2023-03-01 02:44:25.045000+00:00,,,,,,,,,,,,,,,,,,,
2023-03-01 02:44:35.006000+00:00,,,,,,,,,,,,,,,,,,,
2023-03-01 02:44:45.149000+00:00,,,,,,,,,,,,,,,,,,,
2023-03-01 02:44:49.991000+00:00,,,,,,,,,,,,,,,,,,,
2023-03-01 02:44:55.080000+00:00,,,,,,,,,,,,,,,,,,,
2023-03-01 02:45:05.081000+00:00,,,,,,,,,,,,,,,,,,,
2023-03-01 02:45:14.944000+00:00,,,,,,,,,,,,,,,,,,,
2023-03-01 02:45:20.108000+00:00,,,,,,,,,,,,,,,,,,,
2023-03-01 02:45:25.090000+00:00,,,,,,,,,,,,,,,,,,,
2023-03-01 02:45:30.075000+00:00,,,,,,,,,,,,,,,,,,,
2023-03-01 02:45:35.008000+00:00,,,,,,,,,,,,,,,,,,,
2023-03-01 02:45:39.922000+00:00,,,,,,,,,,,,,,,,,,,
2023-03-01 02:45:45.145000+00:00,,,,,,,,,,,,,,,,,,,
2023-03-01 02:45:55.056000+00:00,,,,,,,,,,,,,,,,,,,
2023-03-01 02:46:00.057000+00:00,,,,,,,,,,,,,,,,,,,
2023-03-01 02:46:05.008000+00:00,,,,,,,,,,,,,,,,,,,
2023-03-01 02:46:09.973000+00:00,,,,,,,,,,,,,,,,,,,
2023-03-01 02:46:15.103000+00:00,,,,,,,,,,,,,,,,,,,
2023-03-01 02:46:25.166000+00:00,,,,,,,,,,,,,,,,,,,
2023-03-01 02:46:30.117000+00:00,,,,,,,,,,,,,,,,,,,
2023-03-01 02:46:35.088000+00:00,,,,,,,,,,,,,,,,,,,
2023-03-01 02:46:40.042000+00:00,,,,,,,,,,,,,,,,,,,
2023-03-01 02:46:45.075000+00:00,,,,,,,,,,,,,,,,,,,
2023-03-01 02:46:55.102000+00:00,,,,,,,,,,,,,,,,,,,
2023-03-01 02:47:00.094000+00:00,,,,,,,,,,,,,,,,,,,
2023-03-01 02:47:05.177000+00:00,,,,,,,,,,,,,,,,,,,
2023-03-01 02:47:10.149000+00:00,,,,,,,,,,,,,,,,,,,
2023-03-01 02:47:15.037000+00:00,,,,,,,,,,,,,,,,,,,
2023-03-01 02:47:20.070000+00:00,,,,,,,,,,,,,,,,,,,
2023-03-01 02:47:25.060000+00:00,,,,,,,,,,,,,,,,,,,
2023-03-01 02:47:29.931000+00:00,,,,,,,,,,,,,,,,,,,
2023-03-01 02:47:35.113000+00:00,,,,,,,,,,,,,,,,,,,
2023-03-01 02:47:44.957000+00:00,,,,,,,,,,,,,,,,,,,
2023-03-01 02:47:55.047000+00:00,,,,,,,,,,,,,,,,,,,
2023-03-01 02:48:05.191000+00:00,,,,,,,,,,,,,,,,,,,
2023-03-01 02:48:15.093000+00:00,,,,,,,,,,,,,,,,,,,
2023-03-01 02:48:20.017000+00:00,,,,,,,,,,,,,,,,,,,
2023-03-01 02:48:25.142000+00:00,,,,,,,,,,,,,,,,,,,
2023-03-01 02:48:35.105000+00:00,,,,,,,,,,,,,,,,,,,
2023-03-01 02:48:45.163000+00:00,,,,,,,,,,,,,,,,,,,
2023-03-01 02:48:50.100000+00:00,,,,,,,,,,,,,,,,,,,
2023-03-01 02:48:55+00:00,,,,,,,,,,,,,,,,,,,
2023-03-01 02:49:00.076000+00:00,,,,,,,,,,,,,,,,,,,
2023-03-01 02:49:04.958000+00:00,,,,,,,,,,,,,,,,,,,
2023-03-01 02:49:14.977000+00:00,,,,,,,,,,,,,,,,,,,
2023-03-01 02:49:24.955000+00:00,,,,,,,,,,,,,,,,,,,
2023-03-01 02:49:35.155000+00:00,,,,,,,,,,,,,,,,,,,
2023-03-01 02:49:45.166000+00:00,,,,,,,,,,,,,,,,,,,
2023-03-01 02:49:55.165000+00:00,,,,,,,,,,,,,,,,,,,
2023-03-01 02:50:04.977000+00:00,,,,,,,,,,,,,,,,,,,
2023-03-01 02:50:15.069000+00:00,,,,,,,,,,,,,,,,,,,
2023-03-01 02:50:20.042000+00:00,,,,,,,,,,,,,,,,,,,
2023-03-01 02:50:24.996000+00:00,,,,,,,,,,,,,,,,,,,
2023-03-01 02:50:35.057000+00:00,,,,,,,,,,,,,,,,,,,
2023-03-01 02:50:39.971000+00:00,,,,,,,,,,,,,,,,,,,
2023-03-01 02:50:45.058000+00:00,,,,,,,,,,,,,,,,,,,
2023-03-01 02:50:49.927000+00:00,,,,,,,,,,,,,,,,,,,
2023-03-01 02:50:55.018000+00:00,,,,,,,,,,,,,,,,,,,
2023-03-01 02:51:00.059000+00:00,,,,,,,,,,,,,,,,,,,
2023-03-01 02:51:05.191000+00:00,,,,,,,,,,,,,,,,,,,
2023-03-01 02:51:15.018000+00:00,,,,,,,,,,,,,,,,,,,
2023-03-01 02:51:24.974000+00:00,,,,,,,,,,,,,,,,,,,
2023-03-01 02:51:29.960000+00:00,,,,,,,,,,,,,,,,,,,
2023-03-01 02:51:35.116000+00:00,,,,,,,,,,,,,,,,,,,
2023-03-01 02:51:40.056000+00:00,,,,,,,,,,,,,,,,,,,
2023-03-01 02:51:44.975000+00:00,,,,,,,,,,,,,,,,,,,
2023-03-01 02:51:49.952000+00:00,,,,,,,,,,,,,,,,,,,
2023-03-01 02:51:54.974000+00:00,,,,,,,,,,,,,,,,,,,
2023-03-01 02:51:59.962000+00:00,,,,,,,,,,,,,,,,,,,
2023-03-01 02:52:05.052000+00:00,,,,,,,,,,,,,,,,,,,
2023-03-01 02:52:10.154000+00:00,,,,,,,,,,,,,,,,,,,
2023-03-01 02:52:15.003000+00:00,,,,,,,,,,,,,,,,,,,
2023-03-01 02:52:20.005000+00:00,,,,,,,,,,,,,,,,,,,
2023-03-01 02:52:25.124000+00:00,,,,,,,,,,,,,,,,,,,
2023-03-01 02:52:35.114000+00:00,,,,,,,,,,,,,,,,,,,
2023-03-01 02:52:40.058000+00:00,,,,,,,,,,,,,,,,,,,
2023-03-01 02:52:45.161000+00:00,,,,,,,,,,,,,,,,,,,
2023-03-01 02:52:50.059000+00:00,,,,,,,,,,,,,,,,,,,
2023-03-01 02:52:55.124000+00:00,,,,,,,,,,,,,,,,,,,
2023-03-01 02:52:59.968000+00:00,,,,,,,,,,,,,,,,,,,
2023-03-01 02:53:05.063000+00:00,,,,,,,,,,,,,,,,,,,
2023-03-01 02:53:10.176000+00:00,,,,,,,,,,,,,,,,,,,
2023-03-01 02:53:15.079000+00:00,,,,,,,,,,,,,,,,,,,
2023-03-01 02:53:19.975000+00:00,,,,,,,,,,,,,,,,,,,
2023-03-01 02:53:24.982000+00:00,,,,,,,,,,,,,,,,,,,
2023-03-01 02:53:30.033000+00:00,,,,,,,,,,,,,,,,,,,
2023-03-01 02:53:35.016000+00:00,,,,,,,,,,,,,,,,,,,
2023-03-01 02:53:44.972000+00:00,,,,,,,,,,,,,,,,,,,
2023-03-01 02:53:50.035000+00:00,,,,,,,,,,,,,,,,,,,
2023-03-01 02:53:55.074000+00:00,,,,,,,,,,,,,,,,,,,
2023-03-01 02:54:00.134000+00:00,,,,,,,,,,,,,,,,,,,
2023-03-01 02:54:05.013000+00:00,,,,,,,,,,,,,,,,,,,
2023-03-01 02:54:10.082000+00:00,,,,,,,,,,,,,,,,,,,
2023-03-01 02:54:15.073000+00:00,,,,,,,,,,,,,,,,,,,
2023-03-01 02:54:20.004000+00:00,,,,,,,,,,,,,,,,,,,
2023-03-01 02:54:25.006000+00:00,,,,,,,,,,,,,,,,,,,
2023-03-01 02:54:30.158000+00:00,,,,,,,,,,,,,,,,,,,
2023-03-01 02:54:34.985000+00:00,,,,,,,,,,,,,,,,,,,
2023-03-01 02:54:39.997000+00:00,,,,,,,,,,,,,,,,,,,
2023-03-01 02:54:45.120000+00:00,,,,,,,,,,,,,,,,,,,
2023-03-01 02:54:49.983000+00:00,,,,,,,,,,,,,,,,,,,
2023-03-01 02:54:54.921000+00:00,,,,,,,,,,,,,,,,,,,
2023-03-01 02:55:05.111000+00:00,,,,,,,,,,,,,,,,,,,
2023-03-01 02:55:10.109000+00:00,,,,,,,,,,,,,,,,,,,
2023-03-01 02:55:14.962000+00:00,,,,,,,,,,,,,,,,,,,
2023-03-01 02:55:25.138000+00:00,,,,,,,,,,,,,,,,,,,
2023-03-01 02:55:30.071000+00:00,,,,,,,,,,,,,,,,,,,
2023-03-01 02:55:35.075000+00:00,,,,,,,,,,,,,,,,,,,
2023-03-01 02:55:45.131000+00:00,,,,,,,,,,,,,,,,,,,
2023-03-01 02:55:50.125000+00:00,,,,,,,,,,,,,,,,,,,
2023-03-01 02:55:55.132000+00:00,,,,,,,,,,,,,,,,,,,
2023-03-01 02:56:00.092000+00:00,,,,,,,,,,,,,,,,,,,
2023-03-01 02:56:05.133000+00:00,,,,,,,,,,,,,,,,,,,
2023-03-01 02:56:09.990000+00:00,,,,,,,,,,,,,,,,,,,
2023-03-01 02:56:14.966000+00:00,,,,,,,,,,,,,,,,,,,
2023-03-01 02:56:25.171000+00:00,,,,,,,,,,,,,,,,,,,
2023-03-01 02:56:30.020000+00:00,,,,,,,,,,,,,,,,,,,
2023-03-01 02:56:34.997000+00:00,,,,,,,,,,,,,,,,,,,
2023-03-01 02:56:45.062000+00:00,,,,,,,,,,,,,,,,,,,
2023-03-01 02:56:55.051000+00:00,,,,,,,,,,,,,,,,,,,
2023-03-01 02:56:59.941000+00:00,,,,,,,,,,,,,,,,,,,
2023-03-01 02:57:05.095000+00:00,,,,,,,,,,,,,,,,,,,
2023-03-01 02:57:14.995000+00:00,,,,,,,,,,,,,,,,,,,
2023-03-01 02:57:20.110000+00:00,,,,,,,,,,,,,,,,,,,
2023-03-01 02:57:24.969000+00:00,,,,,,,,,,,,,,,,,,,
2023-03-01 02:57:30.070000+00:00,,,,,,,,,,,,,,,,,,,
2023-03-01 02:57:35.020000+00:00,,,,,,,,,,,,,,,,,,,
2023-03-01 02:57:39.953000+00:00,,,,,,,,,,,,,,,,,,,
2023-03-01 02:57:45.057000+00:00,,,,,,,,,,,,,,,,,,,
2023-03-01 02:57:49.956000+00:00,,,,,,,,,,,,,,,,,,,
2023-03-01 02:57:55.017000+00:00,,,,,,,,,,,,,,,,,,,
2023-03-01 02:58:00.065000+00:00,,,,,,,,,,,,,,,,,,,
2023-03-01 02:58:05.055000+00:00,,,,,,,,,,,,,,,,,,,
2023-03-01 02:58:10.159000+00:00,,,,,,,,,,,,,,,,,,,
2023-03-01 02:58:15.050000+00:00,,,,,,,,,,,,,,,,,,,
2023-03-01 02:58:20.204000+00:00,,,,,,,,,,,,,,,,,,,
2023-03-01 02:58:25.180000+00:00,,,,,,,,,,,,,,,,,,,
2023-03-01 02:58:30.050000+00:00,,,,,,,,,,,,,,,,,,,
2023-03-01 02:58:35.039000+00:00,,,,,,,,,,,,,,,,,,,
2023-03-01 02:58:45.045000+00:00,,,,,,,,,,,,,,,,,,,
2023-03-01 02:58:49.944000+00:00,,,,,,,,,,,,,,,,,,,
2023-03-01 02:58:54.923000+00:00,,,,,,,,,,,,,,,,,,,
2023-03-01 02:59:00.150000+00:00,,,,,,,,,,,,,,,,,,,
2023-03-01 02:59:05.024000+00:00,,,,,,,,,,,,,,,,,,,
2023-03-01 02:59:10.157000+00:00,,,,,,,,,,,,,,,,,,,
2023-03-01 02:59:15.117000+00:00,,,,,,,,,,,,,,,,,,,
2023-03-01 02:59:25.146000+00:00,,,,,,,,,,,,,,,,,,,
2023-03-01 02:59:30.049000+00:00,,,,,,,,,,,,,,,,,,,
2023-03-01 02:59:35.142000+00:00,,,,,,,,,,,,,,,,,,,
2023-03-01 02:59:40.210000+00:00,,,,,,,,,,,,,,,,,,,
2023-03-01 02:59:45.043000+00:00,,,,,,,,,,,,,,,,,,,
2023-03-01 02:59:49.990000+00:00,,,,,,,,,,,,,,,,,,,
2023-03-01 02:59:55.030000+00:00,,,,,,,,,,,,,,,,,,,
2023-03-01 03:00:05.110000+00:00,,,,,,,,,,,,,,,,,,,
2023-03-01 03:00:09.959000+00:00,,,,,,,,,,,,,,,,,,,
2023-03-01 03:00:15.139000+00:00,,,,,,,,,,,,,,,,,,,
2023-03-01 03:00:20.086000+00:00,,,,,,,,,,,,,,,,,,,
2023-03-01 03:00:25.179000+00:00,,,,,,,,,,,,,,,,,,,
2023-03-01 03:00:30.104000+00:00,,,,,,,,,,,,,,,,,,,
2023-03-01 03:00:35.050000+00:00,,,,,,,,,,,,,,,,,,,
2023-03-01 03:00:45.082000+00:00,,,,,,,,,,,,,,,,,,,
2023-03-01 03:00:49.949000+00:00,,,,,,,,,,,,,,,,,,,
2023-03-01 03:00:55.106000+00:00,,,,,,,,,,,,,,,,,,,
2023-03-01 03:01:05.136000+00:00,,,,,,,,,,,,,,,,,,,
2023-03-01 03:01:09.997000+00:00,,,,,,,,,,,,,,,,,,,
2023-03-01 03:01:15.111000+00:00,,,,,,,,,,,,,,,,,,,
2023-03-01 03:01:20.138000+00:00,,,,,,,,,,,,,,,,,,,
2023-03-01 03:01:24.960000+00:00,,,,,,,,,,,,,,,,,,,
2023-03-01 03:01:34.998000+00:00,,,,,,,,,,,,,,,,,,,
2023-03-01 03:01:39.958000+00:00,,,,,,,,,,,,,,,,,,,
2023-03-01 03:01:44.998000+00:00,,,,,,,,,,,,,,,,,,,
2023-03-01 03:01:50.002000+00:00,,,,,,,,,,,,,,,,,,,
2023-03-01 03:01:55.136000+00:00,,,,,,,,,,,,,,,,,,,
2023-03-01 03:02:04.964000+00:00,,,,,,,,,,,,,,,,,,,
2023-03-01 03:02:10.161000+00:00,,,,,,,,,,,,,,,,,,,
2023-03-01 03:02:14.977000+00:00,,,,,,,,,,,,,,,,,,,
2023-03-01 03:02:19.947000+00:00,,,,,,,,,,,,,,,,,,,
2023-03-01 03:02:25.016000+00:00,,,,,,,,,,,,,,,,,,,
2023-03-01 03:02:29.996000+00:00,,,,,,,,,,,,,,,,,,,
2023-03-01 03:02:35.101000+00:00,,,,,,,,,,,,,,,,,,,
2023-03-01 03:02:40.204000+00:00,,,,,,,,,,,,,,,,,,,
2023-03-01 03:02:44.951000+00:00,,,,,,,,,,,,,,,,,,,
2023-03-01 03:02:50.142000+00:00,,,,,,,,,,,,,,,,,,,
2023-03-01 03:02:55.070000+00:00,,,,,,,,,,,,,,,,,,,
2023-03-01 03:02:59.992000+00:00,,,,,,,,,,,,,,,,,,,
2023-03-01 03:03:05.098000+00:00,,,,,,,,,,,,,,,,,,,
2023-03-01 03:03:15.035000+00:00,,,,,,,,,,,,,,,,,,,
2023-03-01 03:03:25.032000+00:00,,,,,,,,,,,,,,,,,,,
2023-03-01 03:03:35.059000+00:00,,,,,,,,,,,,,,,,,,,
2023-03-01 03:03:40.134000+00:00,,,,,,,,,,,,,,,,,,,
2023-03-01 03:03:45.035000+00:00,,,,,,,,,,,,,,,,,,,
2023-03-01 03:03:55.052000+00:00,,,,,,,,,,,,,,,,,,,
2023-03-01 03:04:00.062000+00:00,,,,,,,,,,,,,,,,,,,
2023-03-01 03:04:05.120000+00:00,,,,,,,,,,,,,,,,,,,
2023-03-01 03:04:14.964000+00:00,,,,,,,,,,,,,,,,,,,
2023-03-01 03:04:25.076000+00:00,,,,,,,,,,,,,,,,,,,
2023-03-01 03:04:30.093000+00:00,,,,,,,,,,,,,,,,,,,
2023-03-01 03:04:35.066000+00:00,,,,,,,,,,,,,,,,,,,
2023-03-01 03:04:44.958000+00:00,,,,,,,,,,,,,,,,,,,
2023-03-01 03:04:50.120000+00:00,,,,,,,,,,,,,,,,,,,
2023-03-01 03:04:54.935000+00:00,,,,,,,,,,,,,,,,,,,
2023-03-01 03:05:00.044000+00:00,,,,,,,,,,,,,,,,,,,
2023-03-01 03:05:05.105000+00:00,,,,,,,,,,,,,,,,,,,
2023-03-01 03:05:10.095000+00:00,,,,,,,,,,,,,,,,,,,
2023-03-01 03:05:15.160000+00:00,,,,,,,,,,,,,,,,,,,
2023-03-01 03:05:19.969000+00:00,,,,,,,,,,,,,,,,,,,
2023-03-01 03:05:25.040000+00:00,,,,,,,,,,,,,,,,,,,
2023-03-01 03:05:30.140000+00:00,,,,,,,,,,,,,,,,,,,
2023-03-01 03:05:35.131000+00:00,,,,,,,,,,,,,,,,,,,
2023-03-01 03:05:40.016000+00:00,,,,,,,,,,,,,,,,,,,
2023-03-01 03:05:45.115000+00:00,,,,,,,,,,,,,,,,,,,
2023-03-01 03:05:49.973000+00:00,,,,,,,,,,,,,,,,,,,
2023-03-01 03:05:54.951000+00:00,,,,,,,,,,,,,,,,,,,
2023-03-01 03:06:00.034000+00:00,,,,,,,,,,,,,,,,,,,
2023-03-01 03:06:05.060000+00:00,,,,,,,,,,,,,,,,,,,
2023-03-01 03:06:10.003000+00:00,,,,,,,,,,,,,,,,,,,
2023-03-01 03:06:15.047000+00:00,,,,,,,,,,,,,,,,,,,
2023-03-01 03:06:25.007000+00:00,,,,,,,,,,,,,,,,,,,
2023-03-01 03:06:35.008000+00:00,,,,,,,,,,,,,,,,,,,
2023-03-01 03:06:39.937000+00:00,,,,,,,,,,,,,,,,,,,
2023-03-01 03:06:45.096000+00:00,,,,,,,,,,,,,,,,,,,
2023-03-01 03:06:50.023000+00:00,,,,,,,,,,,,,,,,,,,
2023-03-01 03:06:55.135000+00:00,,,,,,,,,,,,,,,,,,,
2023-03-01 03:07:00.001000+00:00,,,,,,,,,,,,,,,,,,,
2023-03-01 03:07:05.123000+00:00,,,,,,,,,,,,,,,,,,,
2023-03-01 03:07:14.971000+00:00,,,,,,,,,,,,,,,,,,,
2023-03-01 03:07:19.983000+00:00,,,,,,,,,,,,,,,,,,,
2023-03-01 03:07:25.067000+00:00,,,,,,,,,,,,,,,,,,,
2023-03-01 03:07:29.989000+00:00,,,,,,,,,,,,,,,,,,,
2023-03-01 03:07:35.141000+00:00,,,,,,,,,,,,,,,,,,,
2023-03-01 03:07:40.018000+00:00,,,,,,,,,,,,,,,,,,,
2023-03-01 03:07:45.089000+00:00,,,,,,,,,,,,,,,,,,,
2023-03-01 03:07:55.022000+00:00,,,,,,,,,,,,,,,,,,,
2023-03-01 03:08:05.035000+00:00,,,,,,,,,,,,,,,,,,,
2023-03-01 03:08:14.972000+00:00,,,,,,,,,,,,,,,,,,,
2023-03-01 03:08:20.036000+00:00,,,,,,,,,,,,,,,,,,,
2023-03-01 03:08:25.044000+00:00,,,,,,,,,,,,,,,,,,,
2023-03-01 03:08:29.941000+00:00,,,,,,,,,,,,,,,,,,,
2023-03-01 03:08:35.173000+00:00,,,,,,,,,,,,,,,,,,,
2023-03-01 03:08:39.987000+00:00,,,,,,,,,,,,,,,,,,,
2023-03-01 03:08:45.125000+00:00,,,,,,,,,,,,,,,,,,,
2023-03-01 03:08:50.116000+00:00,,,,,,,,,,,,,,,,,,,
2023-03-01 03:08:55.125000+00:00,,,,,,,,,,,,,,,,,,,
2023-03-01 03:09:05.076000+00:00,,,,,,,,,,,,,,,,,,,
2023-03-01 03:09:10.059000+00:00,,,,,,,,,,,,,,,,,,,
2023-03-01 03:09:15.110000+00:00,,,,,,,,,,,,,,,,,,,
2023-03-01 03:09:25.106000+00:00,,,,,,,,,,,,,,,,,,,
2023-03-01 03:09:34.991000+00:00,,,,,,,,,,,,,,,,,,,
2023-03-01 03:09:39.965000+00:00,,,,,,,,,,,,,,,,,,,
2023-03-01 03:09:45.059000+00:00,,,,,,,,,,,,,,,,,,,
2023-03-01 03:09:50.022000+00:00,,,,,,,,,,,,,,,,,,,
2023-03-01 03:09:55.113000+00:00,,,,,,,,,,,,,,,,,,,
2023-03-01 03:10:00.060000+00:00,,,,,,,,,,,,,,,,,,,
2023-03-01 03:10:05.095000+00:00,,,,,,,,,,,,,,,,,,,
2023-03-01 03:10:15.168000+00:00,,,,,,,,,,,,,,,,,,,
2023-03-01 03:10:20.119000+00:00,,,,,,,,,,,,,,,,,,,
2023-03-01 03:10:25.096000+00:00,,,,,,,,,,,,,,,,,,,
2023-03-01 03:10:30.020000+00:00,,,,,,,,,,,,,,,,,,,
2023-03-01 03:10:35.054000+00:00,,,,,,,,,,,,,,,,,,,
2023-03-01 03:10:40.071000+00:00,,,,,,,,,,,,,,,,,,,
2023-03-01 03:10:44.986000+00:00,,,,,,,,,,,,,,,,,,,
2023-03-01 03:10:55.091000+00:00,,,,,,,,,,,,,,,,,,,
2023-03-01 03:10:59.938000+00:00,,,,,,,,,,,,,,,,,,,
2023-03-01 03:11:05.033000+00:00,,,,,,,,,,,,,,,,,,,
2023-03-01 03:11:14.987000+00:00,,,,,,,,,,,,,,,,,,,
2023-03-01 03:11:20.037000+00:00,,,,,,,,,,,,,,,,,,,
2023-03-01 03:11:25.137000+00:00,,,,,,,,,,,,,,,,,,,
2023-03-01 03:11:30.097000+00:00,,,,,,,,,,,,,,,,,,,
2023-03-01 03:11:35.175000+00:00,,,,,,,,,,,,,,,,,,,
2023-03-01 03:11:39.972000+00:00,,,,,,,,,,,,,,,,,,,
2023-03-01 03:11:45.040000+00:00,,,,,,,,,,,,,,,,,,,
2023-03-01 03:11:49.987000+00:00,,,,,,,,,,,,,,,,,,,
2023-03-01 03:11:55.027000+00:00,,,,,,,,,,,,,,,,,,,
2023-03-01 03:12:04.980000+00:00,,,,,,,,,,,,,,,,,,,
2023-03-01 03:12:10.103000+00:00,,,,,,,,,,,,,,,,,,,
2023-03-01 03:12:15.065000+00:00,,,,,,,,,,,,,,,,,,,
2023-03-01 03:12:20.086000+00:00,,,,,,,,,,,,,,,,,,,
2023-03-01 03:12:25.081000+00:00,,,,,,,,,,,,,,,,,,,
2023-03-01 03:12:29.983000+00:00,,,,,,,,,,,,,,,,,,,
2023-03-01 03:12:35.003000+00:00,,,,,,,,,,,,,,,,,,,
2023-03-01 03:12:39.973000+00:00,,,,,,,,,,,,,,,,,,,
2023-03-01 03:12:45.114000+00:00,,,,,,,,,,,,,,,,,,,
2023-03-01 03:12:50.088000+00:00,,,,,,,,,,,,,,,,,,,
2023-03-01 03:12:55.131000+00:00,,,,,,,,,,,,,,,,,,,
2023-03-01 03:12:59.938000+00:00,,,,,,,,,,,,,,,,,,,
2023-03-01 03:13:05.025000+00:00,,,,,,,,,,,,,,,,,,,
2023-03-01 03:13:10.007000+00:00,,,,,,,,,,,,,,,,,,,
2023-03-01 03:13:14.976000+00:00,,,,,,,,,,,,,,,,,,,
2023-03-01 03:13:24.964000+00:00,,,,,,,,,,,,,,,,,,,
2023-03-01 03:13:35.014000+00:00,,,,,,,,,,,,,,,,,,,
2023-03-01 03:13:40.144000+00:00,,,,,,,,,,,,,,,,,,,
2023-03-01 03:13:44.954000+00:00,,,,,,,,,,,,,,,,,,,
2023-03-01 03:13:49.948000+00:00,,,,,,,,,,,,,,,,,,,
2023-03-01 03:13:55.179000+00:00,,,,,,,,,,,,,,,,,,,
2023-03-01 03:14:00.064000+00:00,,,,,,,,,,,,,,,,,,,
2023-03-01 03:14:05.082000+00:00,,,,,,,,,,,,,,,,,,,
2023-03-01 03:14:09.995000+00:00,,,,,,,,,,,,,,,,,,,
2023-03-01 03:14:15.136000+00:00,,,,,,,,,,,,,,,,,,,
2023-03-01 03:14:19.995000+00:00,,,,,,,,,,,,,,,,,,,
2023-03-01 03:14:25.021000+00:00,,,,,,,,,,,,,,,,,,,
2023-03-01 03:14:29.959000+00:00,,,,,,,,,,,,,,,,,,,
2023-03-01 03:14:35.074000+00:00,,,,,,,,,,,,,,,,,,,
2023-03-01 03:14:44.990000+00:00,,,,,,,,,,,,,,,,,,,
2023-03-01 03:14:55.104000+00:00,,,,,,,,,,,,,,,,,,,
2023-03-01 03:15:00.139000+00:00,,,,,,,,,,,,,,,,,,,
2023-03-01 03:15:05.193000+00:00,,,,,,,,,,,,,,,,,,,
2023-03-01 03:15:09.952000+00:00,,,,,,,,,,,,,,,,,,,
2023-03-01 03:15:15.099000+00:00,,,,,,,,,,,,,,,,,,,
2023-03-01 03:15:19.998000+00:00,,,,,,,,,,,,,,,,,,,
2023-03-01 03:15:25.105000+00:00,,,,,,,,,,,,,,,,,,,
2023-03-01 03:15:29.968000+00:00,,,,,,,,,,,,,,,,,,,
2023-03-01 03:15:35.085000+00:00,,,,,,,,,,,,,,,,,,,
2023-03-01 03:15:44.987000+00:00,,,,,,,,,,,,,,,,,,,
2023-03-01 03:15:49.946000+00:00,,,,,,,,,,,,,,,,,,,
2023-03-01 03:15:55.156000+00:00,,,,,,,,,,,,,,,,,,,
2023-03-01 03:15:59.947000+00:00,,,,,,,,,,,,,,,,,,,
2023-03-01 03:16:05.053000+00:00,,,,,,,,,,,,,,,,,,,
2023-03-01 03:16:14.992000+00:00,,,,,,,,,,,,,,,,,,,
2023-03-01 03:16:20.102000+00:00,,,,,,,,,,,,,,,,,,,
2023-03-01 03:16:24.983000+00:00,,,,,,,,,,,,,,,,,,,
2023-03-01 03:16:30.014000+00:00,,,,,,,,,,,,,,,,,,,
2023-03-01 03:16:34.993000+00:00,,,,,,,,,,,,,,,,,,,
2023-03-01 03:16:39.968000+00:00,,,,,,,,,,,,,,,,,,,
2023-03-01 03:16:44.967000+00:00,,,,,,,,,,,,,,,,,,,
2023-03-01 03:16:54.943000+00:00,,,,,,,,,,,,,,,,,,,
2023-03-01 03:16:59.943000+00:00,,,,,,,,,,,,,,,,,,,
2023-03-01 03:17:05.001000+00:00,,,,,,,,,,,,,,,,,,,
2023-03-01 03:17:10.017000+00:00,,,,,,,,,,,,,,,,,,,
2023-03-01 03:17:15.140000+00:00,,,,,,,,,,,,,,,,,,,
2023-03-01 03:17:20.012000+00:00,,,,,,,,,,,,,,,,,,,
2023-03-01 03:17:24.976000+00:00,,,,,,,,,,,,,,,,,,,
2023-03-01 03:17:34.996000+00:00,,,,,,,,,,,,,,,,,,,
2023-03-01 03:17:45.160000+00:00,,,,,,,,,,,,,,,,,,,
2023-03-01 03:17:54.985000+00:00,,,,,,,,,,,,,,,,,,,
2023-03-01 03:18:00.047000+00:00,,,,,,,,,,,,,,,,,,,
2023-03-01 03:18:05.094000+00:00,,,,,,,,,,,,,,,,,,,
2023-03-01 03:18:10.137000+00:00,,,,,,,,,,,,,,,,,,,
2023-03-01 03:18:14.990000+00:00,,,,,,,,,,,,,,,,,,,
2023-03-01 03:18:19.943000+00:00,,,,,,,,,,,,,,,,,,,
2023-03-01 03:18:25.196000+00:00,,,,,,,,,,,,,,,,,,,
2023-03-01 03:18:30.094000+00:00,,,,,,,,,,,,,,,,,,,
2023-03-01 03:18:35.080000+00:00,,,,,,,,,,,,,,,,,,,
2023-03-01 03:18:40.127000+00:00,,,,,,,,,,,,,,,,,,,
2023-03-01 03:18:45.077000+00:00,,,,,,,,,,,,,,,,,,,
2023-03-01 03:18:55.145000+00:00,,,,,,,,,,,,,,,,,,,
2023-03-01 03:19:00.087000+00:00,,,,,,,,,,,,,,,,,,,
2023-03-01 03:19:04.948000+00:00,,,,,,,,,,,,,,,,,,,
2023-03-01 03:19:10.171000+00:00,,,,,,,,,,,,,,,,,,,
2023-03-01 03:19:15.010000+00:00,,,,,,,,,,,,,,,,,,,
2023-03-01 03:19:19.966000+00:00,,,,,,,,,,,,,,,,,,,
2023-03-01 03:19:25.059000+00:00,,,,,,,,,,,,,,,,,,,
2023-03-01 03:19:30.082000+00:00,,,,,,,,,,,,,,,,,,,
2023-03-01 03:19:35.119000+00:00,,,,,,,,,,,,,,,,,,,
2023-03-01 03:19:40.038000+00:00,,,,,,,,,,,,,,,,,,,
2023-03-01 03:19:45.066000+00:00,,,,,,,,,,,,,,,,,,,
2023-03-01 03:19:50.068000+00:00,,,,,,,,,,,,,,,,,,,
2023-03-01 03:19:55.133000+00:00,,,,,,,,,,,,,,,,,,,
2023-03-01 03:20:05.149000+00:00,,,,,,,,,,,,,,,,,,,
2023-03-01 03:20:10.055000+00:00,,,,,,,,,,,,,,,,,,,
2023-03-01 03:20:15.128000+00:00,,,,,,,,,,,,,,,,,,,
2023-03-01 03:20:20.034000+00:00,,,,,,,,,,,,,,,,,,,
2023-03-01 03:20:25.110000+00:00,,,,,,,,,,,,,,,,,,,
2023-03-01 03:20:30.051000+00:00,,,,,,,,,,,,,,,,,,,
2023-03-01 03:20:35.111000+00:00,,,,,,,,,,,,,,,,,,,
2023-03-01 03:20:39.963000+00:00,,,,,,,,,,,,,,,,,,,
2023-03-01 03:20:45.129000+00:00,,,,,,,,,,,,,,,,,,,
2023-03-01 03:20:50.079000+00:00,,,,,,,,,,,,,,,,,,,
2023-03-01 03:20:54.980000+00:00,,,,,,,,,,,,,,,,,,,
2023-03-01 03:20:59.968000+00:00,,,,,,,,,,,,,,,,,,,
2023-03-01 03:21:05.126000+00:00,,,,,,,,,,,,,,,,,,,
2023-03-01 03:21:14.954000+00:00,,,,,,,,,,,,,,,,,,,
2023-03-01 03:21:25.043000+00:00,,,,,,,,,,,,,,,,,,,
2023-03-01 03:21:29.959000+00:00,,,,,,,,,,,,,,,,,,,
2023-03-01 03:21:34.959000+00:00,,,,,,,,,,,,,,,,,,,
2023-03-01 03:21:45.101000+00:00,,,,,,,,,,,,,,,,,,,
2023-03-01 03:21:49.945000+00:00,,,,,,,,,,,,,,,,,,,
2023-03-01 03:21:55.158000+00:00,,,,,,,,,,,,,,,,,,,
2023-03-01 03:22:00.073000+00:00,,,,,,,,,,,,,,,,,,,
2023-03-01 03:22:04.934000+00:00,,,,,,,,,,,,,,,,,,,
2023-03-01 03:22:10.173000+00:00,,,,,,,,,,,,,,,,,,,
2023-03-01 03:22:15.129000+00:00,,,,,,,,,,,,,,,,,,,
2023-03-01 03:22:25.032000+00:00,,,,,,,,,,,,,,,,,,,
2023-03-01 03:22:30.127000+00:00,,,,,,,,,,,,,,,,,,,
2023-03-01 03:22:34.975000+00:00,,,,,,,,,,,,,,,,,,,
2023-03-01 03:22:40.063000+00:00,,,,,,,,,,,,,,,,,,,
2023-03-01 03:22:44.944000+00:00,,,,,,,,,,,,,,,,,,,
2023-03-01 03:22:50.087000+00:00,,,,,,,,,,,,,,,,,,,
2023-03-01 03:22:55.135000+00:00,,,,,,,,,,,,,,,,,,,
2023-03-01 03:23:00.135000+00:00,,,,,,,,,,,,,,,,,,,
2023-03-01 03:23:05.173000+00:00,,,,,,,,,,,,,,,,,,,
2023-03-01 03:23:14.962000+00:00,,,,,,,,,,,,,,,,,,,
2023-03-01 03:23:19.978000+00:00,,,,,,,,,,,,,,,,,,,
2023-03-01 03:23:25.026000+00:00,,,,,,,,,,,,,,,,,,,
2023-03-01 03:23:30.094000+00:00,,,,,,,,,,,,,,,,,,,
2023-03-01 03:23:35.166000+00:00,,,,,,,,,,,,,,,,,,,
2023-03-01 03:23:45.006000+00:00,,,,,,,,,,,,,,,,,,,
2023-03-01 03:23:49.983000+00:00,,,,,,,,,,,,,,,,,,,
2023-03-01 03:23:54.987000+00:00,,,,,,,,,,,,,,,,,,,
2023-03-01 03:24:00.064000+00:00,,,,,,,,,,,,,,,,,,,
2023-03-01 03:24:05.055000+00:00,,,,,,,,,,,,,,,,,,,
2023-03-01 03:24:10.095000+00:00,,,,,,,,,,,,,,,,,,,
2023-03-01 03:24:15.055000+00:00,,,,,,,,,,,,,,,,,,,
2023-03-01 03:24:20.041000+00:00,,,,,,,,,,,,,,,,,,,
2023-03-01 03:24:24.967000+00:00,,,,,,,,,,,,,,,,,,,
2023-03-01 03:24:30.071000+00:00,,,,,,,,,,,,,,,,,,,
2023-03-01 03:24:35.010000+00:00,,,,,,,,,,,,,,,,,,,
2023-03-01 03:24:40.054000+00:00,,,,,,,,,,,,,,,,,,,
2023-03-01 03:24:44.948000+00:00,,,,,,,,,,,,,,,,,,,
2023-03-01 03:24:55.135000+00:00,,,,,,,,,,,,,,,,,,,
2023-03-01 03:25:00.024000+00:00,,,,,,,,,,,,,,,,,,,
2023-03-01 03:25:04.939000+00:00,,,,,,,,,,,,,,,,,,,
2023-03-01 03:25:15.020000+00:00,,,,,,,,,,,,,,,,,,,
2023-03-01 03:25:24.951000+00:00,,,,,,,,,,,,,,,,,,,
2023-03-01 03:25:29.976000+00:00,,,,,,,,,,,,,,,,,,,
2023-03-01 03:25:34.994000+00:00,,,,,,,,,,,,,,,,,,,
2023-03-01 03:25:40.161000+00:00,,,,,,,,,,,,,,,,,,,
2023-03-01 03:25:45.046000+00:00,,,,,,,,,,,,,,,,,,,
2023-03-01 03:25:50.085000+00:00,,,,,,,,,,,,,,,,,,,
2023-03-01 03:25:55.169000+00:00,,,,,,,,,,,,,,,,,,,
2023-03-01 03:26:00.003000+00:00,,,,,,,,,,,,,,,,,,,
2023-03-01 03:26:05.021000+00:00,,,,,,,,,,,,,,,,,,,
2023-03-01 03:26:15.109000+00:00,,,,,,,,,,,,,,,,,,,
2023-03-01 03:26:20.066000+00:00,,,,,,,,,,,,,,,,,,,
2023-03-01 03:26:25.095000+00:00,,,,,,,,,,,,,,,,,,,
2023-03-01 03:26:30.133000+00:00,,,,,,,,,,,,,,,,,,,
2023-03-01 03:26:35.168000+00:00,,,,,,,,,,,,,,,,,,,
2023-03-01 03:26:40.095000+00:00,,,,,,,,,,,,,,,,,,,
2023-03-01 03:26:44.977000+00:00,,,,,,,,,,,,,,,,,,,
2023-03-01 03:26:50.088000+00:00,,,,,,,,,,,,,,,,,,,
2023-03-01 03:26:55.070000+00:00,,,,,,,,,,,,,,,,,,,
2023-03-01 03:26:59.993000+00:00,,,,,,,,,,,,,,,,,,,
2023-03-01 03:27:05.161000+00:00,,,,,,,,,,,,,,,,,,,
2023-03-01 03:27:10.170000+00:00,,,,,,,,,,,,,,,,,,,
2023-03-01 03:27:14.939000+00:00,,,,,,,,,,,,,,,,,,,
2023-03-01 03:27:25.014000+00:00,,,,,,,,,,,,,,,,,,,
2023-03-01 03:27:35.091000+00:00,,,,,,,,,,,,,,,,,,,
2023-03-01 03:27:40.098000+00:00,,,,,,,,,,,,,,,,,,,
2023-03-01 03:27:45.001000+00:00,,,,,,,,,,,,,,,,,,,
2023-03-01 03:27:54.990000+00:00,,,,,,,,,,,,,,,,,,,
2023-03-01 03:28:00.189000+00:00,,,,,,,,,,,,,,,,,,,
2023-03-01 03:28:05.114000+00:00,,,,,,,,,,,,,,,,,,,
2023-03-01 03:28:10.115000+00:00,,,,,,,,,,,,,,,,,,,
2023-03-01 03:28:15.025000+00:00,,,,,,,,,,,,,,,,,,,
2023-03-01 03:28:25.130000+00:00,,,,,,,,,,,,,,,,,,,
2023-03-01 03:28:30.083000+00:00,,,,,,,,,,,,,,,,,,,
2023-03-01 03:28:35.011000+00:00,,,,,,,,,,,,,,,,,,,
2023-03-01 03:28:40.002000+00:00,,,,,,,,,,,,,,,,,,,
2023-03-01 03:28:45.010000+00:00,,,,,,,,,,,,,,,,,,,
2023-03-01 03:28:50.134000+00:00,,,,,,,,,,,,,,,,,,,
2023-03-01 03:28:55.143000+00:00,,,,,,,,,,,,,,,,,,,
2023-03-01 03:29:00.023000+00:00,,,,,,,,,,,,,,,,,,,
2023-03-01 03:29:05.006000+00:00,,,,,,,,,,,,,,,,,,,
2023-03-01 03:29:15.082000+00:00,,,,,,,,,,,,,,,,,,,
2023-03-01 03:29:20.071000+00:00,,,,,,,,,,,,,,,,,,,
2023-03-01 03:29:25.153000+00:00,,,,,,,,,,,,,,,,,,,
2023-03-01 03:29:30.068000+00:00,,,,,,,,,,,,,,,,,,,
2023-03-01 03:29:35.042000+00:00,,,,,,,,,,,,,,,,,,,
2023-03-01 03:29:40.082000+00:00,,,,,,,,,,,,,,,,,,,
2023-03-01 03:29:45.084000+00:00,,,,,,,,,,,,,,,,,,,
2023-03-01 03:29:55.122000+00:00,,,,,,,,,,,,,,,,,,,
2023-03-01 03:30:00.153000+00:00,,,,,,,,,,,,,,,,,,,
2023-03-01 03:30:04.956000+00:00,,,,,,,,,,,,,,,,,,,
2023-03-01 03:30:10.165000+00:00,,,,,,,,,,,,,,,,,,,
2023-03-01 03:30:14.956000+00:00,,,,,,,,,,,,,,,,,,,
2023-03-01 03:30:19.940000+00:00,,,,,,,,,,,,,,,,,,,
2023-03-01 03:30:24.957000+00:00,,,,,,,,,,,,,,,,,,,
2023-03-01 03:30:30.144000+00:00,,,,,,,,,,,,,,,,,,,
2023-03-01 03:30:34.957000+00:00,,,,,,,,,,,,,,,,,,,
2023-03-01 03:30:44.984000+00:00,,,,,,,,,,,,,,,,,,,
2023-03-01 03:30:50.037000+00:00,,,,,,,,,,,,,,,,,,,
2023-03-01 03:30:55.152000+00:00,,,,,,,,,,,,,,,,,,,
2023-03-01 03:31:00.103000+00:00,,,,,,,,,,,,,,,,,,,
2023-03-01 03:31:05.155000+00:00,,,,,,,,,,,,,,,,,,,
2023-03-01 03:31:09.981000+00:00,,,,,,,,,,,,,,,,,,,
2023-03-01 03:31:15.177000+00:00,,,,,,,,,,,,,,,,,,,
2023-03-01 03:31:24.957000+00:00,,,,,,,,,,,,,,,,,,,
2023-03-01 03:31:30.078000+00:00,,,,,,,,,,,,,,,,,,,
2023-03-01 03:31:35.154000+00:00,,,,,,,,,,,,,,,,,,,
2023-03-01 03:31:40.004000+00:00,,,,,,,,,,,,,,,,,,,
2023-03-01 03:31:45.034000+00:00,,,,,,,,,,,,,,,,,,,
2023-03-01 03:31:50.150000+00:00,,,,,,,,,,,,,,,,,,,
2023-03-01 03:31:54.965000+00:00,,,,,,,,,,,,,,,,,,,
2023-03-01 03:32:00.050000+00:00,,,,,,,,,,,,,,,,,,,
2023-03-01 03:32:05.107000+00:00,,,,,,,,,,,,,,,,,,,
2023-03-01 03:32:10.174000+00:00,,,,,,,,,,,,,,,,,,,
2023-03-01 03:32:14.985000+00:00,,,,,,,,,,,,,,,,,,,
2023-03-01 03:32:25.031000+00:00,,,,,,,,,,,,,,,,,,,
2023-03-01 03:32:29.933000+00:00,,,,,,,,,,,,,,,,,,,
2023-03-01 03:32:35.056000+00:00,,,,,,,,,,,,,,,,,,,
2023-03-01 03:32:45.117000+00:00,,,,,,,,,,,,,,,,,,,
2023-03-01 03:32:49.978000+00:00,,,,,,,,,,,,,,,,,,,
2023-03-01 03:32:55.134000+00:00,,,,,,,,,,,,,,,,,,,
2023-03-01 03:33:00.030000+00:00,,,,,,,,,,,,,,,,,,,
2023-03-01 03:33:05.081000+00:00,,,,,,,,,,,,,,,,,,,
2023-03-01 03:33:09.951000+00:00,,,,,,,,,,,,,,,,,,,
2023-03-01 03:33:15.021000+00:00,,,,,,,,,,,,,,,,,,,
2023-03-01 03:33:20.047000+00:00,,,,,,,,,,,,,,,,,,,
2023-03-01 03:33:25.037000+00:00,,,,,,,,,,,,,,,,,,,
2023-03-01 03:33:30.084000+00:00,,,,,,,,,,,,,,,,,,,
2023-03-01 03:33:35.057000+00:00,,,,,,,,,,,,,,,,,,,
2023-03-01 03:33:40.005000+00:00,,,,,,,,,,,,,,,,,,,
2023-03-01 03:33:45.008000+00:00,,,,,,,,,,,,,,,,,,,
2023-03-01 03:33:50.137000+00:00,,,,,,,,,,,,,,,,,,,
2023-03-01 03:33:54.981000+00:00,,,,,,,,,,,,,,,,,,,
2023-03-01 03:34:00.059000+00:00,,,,,,,,,,,,,,,,,,,
2023-03-01 03:34:04.985000+00:00,,,,,,,,,,,,,,,,,,,
2023-03-01 03:34:14.960000+00:00,,,,,,,,,,,,,,,,,,,
2023-03-01 03:34:25.019000+00:00,,,,,,,,,,,,,,,,,,,
2023-03-01 03:34:29.989000+00:00,,,,,,,,,,,,,,,,,,,
2023-03-01 03:34:35.159000+00:00,,,,,,,,,,,,,,,,,,,
2023-03-01 03:34:45.090000+00:00,,,,,,,,,,,,,,,,,,,
2023-03-01 03:34:54.977000+00:00,,,,,,,,,,,,,,,,,,,
2023-03-01 03:35:00.022000+00:00,,,,,,,,,,,,,,,,,,,
2023-03-01 03:35:05.003000+00:00,,,,,,,,,,,,,,,,,,,
2023-03-01 03:35:15.096000+00:00,,,,,,,,,,,,,,,,,,,
2023-03-01 03:35:20.104000+00:00,,,,,,,,,,,,,,,,,,,
2023-03-01 03:35:25.171000+00:00,,,,,,,,,,,,,,,,,,,
2023-03-01 03:35:30.077000+00:00,,,,,,,,,,,,,,,,,,,
2023-03-01 03:35:35.183000+00:00,,,,,,,,,,,,,,,,,,,
2023-03-01 03:35:40.145000+00:00,,,,,,,,,,,,,,,,,,,
2023-03-01 03:35:44.936000+00:00,,,,,,,,,,,,,,,,,,,
2023-03-01 03:35:54.975000+00:00,,,,,,,,,,,,,,,,,,,
2023-03-01 03:36:00.083000+00:00,,,,,,,,,,,,,,,,,,,
2023-03-01 03:36:05.137000+00:00,,,,,,,,,,,,,,,,,,,
2023-03-01 03:36:10.060000+00:00,,,,,,,,,,,,,,,,,,,
2023-03-01 03:36:15.169000+00:00,,,,,,,,,,,,,,,,,,,
2023-03-01 03:36:25.072000+00:00,,,,,,,,,,,,,,,,,,,
2023-03-01 03:36:30.098000+00:00,,,,,,,,,,,,,,,,,,,
2023-03-01 03:36:35.159000+00:00,,,,,,,,,,,,,,,,,,,
2023-03-01 03:36:40.005000+00:00,,,,,,,,,,,,,,,,,,,
2023-03-01 03:36:44.987000+00:00,,,,,,,,,,,,,,,,,,,
2023-03-01 03:36:50.095000+00:00,,,,,,,,,,,,,,,,,,,
2023-03-01 03:36:55.126000+00:00,,,,,,,,,,,,,,,,,,,
2023-03-01 03:36:59.942000+00:00,,,,,,,,,,,,,,,,,,,
2023-03-01 03:37:05.039000+00:00,,,,,,,,,,,,,,,,,,,
2023-03-01 03:37:15.148000+00:00,,,,,,,,,,,,,,,,,,,
2023-03-01 03:37:24.966000+00:00,,,,,,,,,,,,,,,,,,,
2023-03-01 03:37:30.104000+00:00,,,,,,,,,,,,,,,,,,,
2023-03-01 03:37:35.019000+00:00,,,,,,,,,,,,,,,,,,,
2023-03-01 03:37:39.996000+00:00,,,,,,,,,,,,,,,,,,,
2023-03-01 03:37:45.036000+00:00,,,,,,,,,,,,,,,,,,,
2023-03-01 03:37:50.178000+00:00,,,,,,,,,,,,,,,,,,,
2023-03-01 03:37:55.105000+00:00,,,,,,,,,,,,,,,,,,,
2023-03-01 03:38:00.146000+00:00,,,,,,,,,,,,,,,,,,,
2023-03-01 03:38:04.942000+00:00,,,,,,,,,,,,,,,,,,,
2023-03-01 03:38:15.089000+00:00,,,,,,,,,,,,,,,,,,,
2023-03-01 03:38:20.104000+00:00,,,,,,,,,,,,,,,,,,,
2023-03-01 03:38:25.037000+00:00,,,,,,,,,,,,,,,,,,,
2023-03-01 03:38:35.004000+00:00,,,,,,,,,,,,,,,,,,,
2023-03-01 03:38:40.159000+00:00,,,,,,,,,,,,,,,,,,,
2023-03-01 03:38:45.132000+00:00,,,,,,,,,,,,,,,,,,,
2023-03-01 03:38:49.987000+00:00,,,,,,,,,,,,,,,,,,,
2023-03-01 03:38:54.949000+00:00,,,,,,,,,,,,,,,,,,,
2023-03-01 03:39:00.126000+00:00,,,,,,,,,,,,,,,,,,,
2023-03-01 03:39:04.948000+00:00,,,,,,,,,,,,,,,,,,,
2023-03-01 03:39:09.948000+00:00,,,,,,,,,,,,,,,,,,,
2023-03-01 03:39:15.117000+00:00,,,,,,,,,,,,,,,,,,,
2023-03-01 03:39:20.034000+00:00,,,,,,,,,,,,,,,,,,,
2023-03-01 03:39:25.109000+00:00,,,,,,,,,,,,,,,,,,,
2023-03-01 03:39:30.042000+00:00,,,,,,,,,,,,,,,,,,,
2023-03-01 03:39:35.113000+00:00,,,,,,,,,,,,,,,,,,,
2023-03-01 03:39:45.142000+00:00,,,,,,,,,,,,,,,,,,,
2023-03-01 03:39:55.055000+00:00,,,,,,,,,,,,,,,,,,,
2023-03-01 03:39:59.984000+00:00,,,,,,,,,,,,,,,,,,,
2023-03-01 03:40:04.986000+00:00,,,,,,,,,,,,,,,,,,,
2023-03-01 03:40:15.085000+00:00,,,,,,,,,,,,,,,,,,,
2023-03-01 03:40:20.049000+00:00,,,,,,,,,,,,,,,,,,,
2023-03-01 03:40:25.058000+00:00,,,,,,,,,,,,,,,,,,,
2023-03-01 03:40:30.038000+00:00,,,,,,,,,,,,,,,,,,,
2023-03-01 03:40:35.034000+00:00,,,,,,,,,,,,,,,,,,,
2023-03-01 03:40:40.041000+00:00,,,,,,,,,,,,,,,,,,,
2023-03-01 03:40:45.136000+00:00,,,,,,,,,,,,,,,,,,,
2023-03-01 03:40:55.031000+00:00,,,,,,,,,,,,,,,,,,,
2023-03-01 03:41:00.110000+00:00,,,,,,,,,,,,,,,,,,,
2023-03-01 03:41:05.138000+00:00,,,,,,,,,,,,,,,,,,,
2023-03-01 03:41:15.179000+00:00,,,,,,,,,,,,,,,,,,,
2023-03-01 03:41:20.072000+00:00,,,,,,,,,,,,,,,,,,,
2023-03-01 03:41:24.976000+00:00,,,,,,,,,,,,,,,,,,,
2023-03-01 03:41:30.043000+00:00,,,,,,,,,,,,,,,,,,,
2023-03-01 03:41:35.112000+00:00,,,,,,,,,,,,,,,,,,,
2023-03-01 03:41:44.942000+00:00,,,,,,,,,,,,,,,,,,,
2023-03-01 03:41:50.076000+00:00,,,,,,,,,,,,,,,,,,,
2023-03-01 03:41:55.155000+00:00,,,,,,,,,,,,,,,,,,,
2023-03-01 03:42:00.131000+00:00,,,,,,,,,,,,,,,,,,,
2023-03-01 03:42:04.990000+00:00,,,,,,,,,,,,,,,,,,,
2023-03-01 03:42:10.172000+00:00,,,,,,,,,,,,,,,,,,,
2023-03-01 03:42:14.954000+00:00,,,,,,,,,,,,,,,,,,,
2023-03-01 03:42:20.081000+00:00,,,,,,,,,,,,,,,,,,,
2023-03-01 03:42:25.148000+00:00,,,,,,,,,,,,,,,,,,,
2023-03-01 03:42:30.072000+00:00,,,,,,,,,,,,,,,,,,,
2023-03-01 03:42:35.059000+00:00,,,,,,,,,,,,,,,,,,,
2023-03-01 03:42:44.995000+00:00,,,,,,,,,,,,,,,,,,,
2023-03-01 03:42:50.076000+00:00,,,,,,,,,,,,,,,,,,,
2023-03-01 03:42:54.944000+00:00,,,,,,,,,,,,,,,,,,,
2023-03-01 03:43:00.119000+00:00,,,,,,,,,,,,,,,,,,,
2023-03-01 03:43:04.962000+00:00,,,,,,,,,,,,,,,,,,,
2023-03-01 03:43:10.003000+00:00,,,,,,,,,,,,,,,,,,,
2023-03-01 03:43:15.017000+00:00,,,,,,,,,,,,,,,,,,,
2023-03-01 03:43:25.119000+00:00,,,,,,,,,,,,,,,,,,,
2023-03-01 03:43:34.972000+00:00,,,,,,,,,,,,,,,,,,,
2023-03-01 03:43:39.937000+00:00,,,,,,,,,,,,,,,,,,,
2023-03-01 03:43:44.942000+00:00,,,,,,,,,,,,,,,,,,,
2023-03-01 03:43:55.143000+00:00,,,,,,,,,,,,,,,,,,,
2023-03-01 03:43:59.948000+00:00,,,,,,,,,,,,,,,,,,,
2023-03-01 03:44:05.062000+00:00,,,,,,,,,,,,,,,,,,,
2023-03-01 03:44:10.115000+00:00,,,,,,,,,,,,,,,,,,,
2023-03-01 03:44:15.156000+00:00,,,,,,,,,,,,,,,,,,,
2023-03-01 03:44:24.996000+00:00,,,,,,,,,,,,,,,,,,,
2023-03-01 03:44:35.134000+00:00,,,,,,,,,,,,,,,,,,,
2023-03-01 03:44:45.136000+00:00,,,,,,,,,,,,,,,,,,,
2023-03-01 03:44:55.114000+00:00,,,,,,,,,,,,,,,,,,,
2023-03-01 03:45:00.037000+00:00,,,,,,,,,,,,,,,,,,,
2023-03-01 03:45:05.162000+00:00,,,,,,,,,,,,,,,,,,,
2023-03-01 03:45:10.196000+00:00,,,,,,,,,,,,,,,,,,,
2023-03-01 03:45:15.117000+00:00,,,,,,,,,,,,,,,,,,,
2023-03-01 03:45:25.049000+00:00,,,,,,,,,,,,,,,,,,,
2023-03-01 03:45:30.082000+00:00,,,,,,,,,,,,,,,,,,,
2023-03-01 03:45:35.021000+00:00,,,,,,,,,,,,,,,,,,,
2023-03-01 03:45:40.103000+00:00,,,,,,,,,,,,,,,,,,,
2023-03-01 03:45:44.987000+00:00,,,,,,,,,,,,,,,,,,,
2023-03-01 03:45:54.983000+00:00,,,,,,,,,,,,,,,,,,,
2023-03-01 03:46:00.129000+00:00,,,,,,,,,,,,,,,,,,,
2023-03-01 03:46:05.142000+00:00,,,,,,,,,,,,,,,,,,,
2023-03-01 03:46:09.952000+00:00,,,,,,,,,,,,,,,,,,,
2023-03-01 03:46:15.114000+00:00,,,,,,,,,,,,,,,,,,,
2023-03-01 03:46:25.081000+00:00,,,,,,,,,,,,,,,,,,,
2023-03-01 03:46:29.973000+00:00,,,,,,,,,,,,,,,,,,,
2023-03-01 03:46:35.129000+00:00,,,,,,,,,,,,,,,,,,,
2023-03-01 03:46:45.132000+00:00,,,,,,,,,,,,,,,,,,,
2023-03-01 03:46:50.076000+00:00,,,,,,,,,,,,,,,,,,,
2023-03-01 03:46:55.088000+00:00,,,,,,,,,,,,,,,,,,,
2023-03-01 03:47:00.044000+00:00,,,,,,,,,,,,,,,,,,,
2023-03-01 03:47:05.033000+00:00,,,,,,,,,,,,,,,,,,,
2023-03-01 03:47:15.003000+00:00,,,,,,,,,,,,,,,,,,,
2023-03-01 03:47:19.941000+00:00,,,,,,,,,,,,,,,,,,,
2023-03-01 03:47:25.093000+00:00,,,,,,,,,,,,,,,,,,,
2023-03-01 03:47:30.053000+00:00,,,,,,,,,,,,,,,,,,,
2023-03-01 03:47:35.068000+00:00,,,,,,,,,,,,,,,,,,,
2023-03-01 03:47:39.965000+00:00,,,,,,,,,,,,,,,,,,,
2023-03-01 03:47:45.092000+00:00,,,,,,,,,,,,,,,,,,,
2023-03-01 03:47:50.004000+00:00,,,,,,,,,,,,,,,,,,,
2023-03-01 03:47:55.109000+00:00,,,,,,,,,,,,,,,,,,,
2023-03-01 03:48:05.015000+00:00,,,,,,,,,,,,,,,,,,,
2023-03-01 03:48:10.193000+00:00,,,,,,,,,,,,,,,,,,,
2023-03-01 03:48:15.131000+00:00,,,,,,,,,,,,,,,,,,,
2023-03-01 03:48:24.959000+00:00,,,,,,,,,,,,,,,,,,,
2023-03-01 03:48:35.043000+00:00,,,,,,,,,,,,,,,,,,,
2023-03-01 03:48:40.129000+00:00,,,,,,,,,,,,,,,,,,,
2023-03-01 03:48:45.048000+00:00,,,,,,,,,,,,,,,,,,,
2023-03-01 03:48:49.994000+00:00,,,,,,,,,,,,,,,,,,,
2023-03-01 03:48:55.014000+00:00,,,,,,,,,,,,,,,,,,,
2023-03-01 03:49:00.093000+00:00,,,,,,,,,,,,,,,,,,,
2023-03-01 03:49:04.994000+00:00,,,,,,,,,,,,,,,,,,,
2023-03-01 03:49:09.993000+00:00,,,,,,,,,,,,,,,,,,,
2023-03-01 03:49:15.135000+00:00,,,,,,,,,,,,,,,,,,,
2023-03-01 03:49:20.076000+00:00,,,,,,,,,,,,,,,,,,,
2023-03-01 03:49:25.113000+00:00,,,,,,,,,,,,,,,,,,,
2023-03-01 03:49:34.973000+00:00,,,,,,,,,,,,,,,,,,,
2023-03-01 03:49:44.977000+00:00,,,,,,,,,,,,,,,,,,,
2023-03-01 03:49:50.014000+00:00,,,,,,,,,,,,,,,,,,,
2023-03-01 03:49:55.122000+00:00,,,,,,,,,,,,,,,,,,,
2023-03-01 03:50:00.139000+00:00,,,,,,,,,,,,,,,,,,,
2023-03-01 03:50:05.037000+00:00,,,,,,,,,,,,,,,,,,,
2023-03-01 03:50:09.966000+00:00,,,,,,,,,,,,,,,,,,,
2023-03-01 03:50:15.093000+00:00,,,,,,,,,,,,,,,,,,,
2023-03-01 03:50:19.981000+00:00,,,,,,,,,,,,,,,,,,,
2023-03-01 03:50:24.956000+00:00,,,,,,,,,,,,,,,,,,,
2023-03-01 03:50:29.979000+00:00,,,,,,,,,,,,,,,,,,,
2023-03-01 03:50:35.135000+00:00,,,,,,,,,,,,,,,,,,,
2023-03-01 03:50:45.085000+00:00,,,,,,,,,,,,,,,,,,,
2023-03-01 03:50:50.168000+00:00,,,,,,,,,,,,,,,,,,,
2023-03-01 03:50:54.953000+00:00,,,,,,,,,,,,,,,,,,,
2023-03-01 03:51:04.945000+00:00,,,,,,,,,,,,,,,,,,,
2023-03-01 03:51:10.005000+00:00,,,,,,,,,,,,,,,,,,,
2023-03-01 03:51:14.958000+00:00,,,,,,,,,,,,,,,,,,,
2023-03-01 02:21:24.815000+00:00,,,,,,,,,,,,,,,,,,,
2023-03-01 02:21:29.815000+00:00,,,,,,,,,,,,,,,,,,,
2023-03-01 02:21:34.815000+00:00,,,,,,,,,,,,,,,,,,,
2023-03-01 02:21:39.815000+00:00,,,,,,,,,,,,,,,,,,,
2023-03-01 02:21:44.815000+00:00,,,,,,,,,,,,,,,,,,,
2023-03-01 02:21:49.815000+00:00,,,,,,,,,,,,,,,,,,,
2023-03-01 02:21:54.815000+00:00,,,,,,,,,,,,,,,,,,,
2023-03-01 02:21:59.815000+00:00,,,,,,,,,,,,,,,,,,,
2023-03-01 02:22:04.815000+00:00,,,,,,,,,,,,,,,,,,,
2023-03-01 02:22:09.815000+00:00,,,,,,,,,,,,,,,,,,,
2023-03-01 02:22:14.815000+00:00,,,,,,,,,,,,,,,,,,,
2023-03-01 02:22:19.815000+00:00,,,,,,,,,,,,,,,,,,,
2023-03-01 02:22:24.815000+00:00,,,,,,,,,,,,,,,,,,,
2023-03-01 02:22:29.815000+00:00,,,,,,,,,,,,,,,,,,,
2023-03-01 02:22:34.815000+00:00,,,,,,,,,,,,,,,,,,,
2023-03-01 02:22:39.815000+00:00,,,,,,,,,,,,,,,,,,,
2023-03-01 02:22:44.815000+00:00,,,,,,,,,,,,,,,,,,,
2023-03-01 02:22:49.815000+00:00,,,,,,,,,,,,,,,,,,,
2023-03-01 02:22:54.815000+00:00,,,,,,,,,,,,,,,,,,,
2023-03-01 02:23:04.815000+00:00,,,,,,,,,,,,,,,,,,,
2023-03-01 02:23:09.815000+00:00,,,,,,,,,,,,,,,,,,,
2023-03-01 02:23:14.815000+00:00,,,,,,,,,,,,,,,,,,,
2023-03-01 02:23:19.815000+00:00,,,,,,,,,,,,,,,,,,,
2023-03-01 02:23:24.815000+00:00,,,,,,,,,,,,,,,,,,,
2023-03-01 02:23:29.815000+00:00,,,,,,,,,,,,,,,,,,,
2023-03-01 02:23:34.815000+00:00,,,,,,,,,,,,,,,,,,,
2023-03-01 02:23:39.815000+00:00,,,,,,,,,,,,,,,,,,,
2023-03-01 02:23:44.815000+00:00,,,,,,,,,,,,,,,,,,,
2023-03-01 02:23:49.815000+00:00,,,,,,,,,,,,,,,,,,,
2023-03-01 02:23:54.815000+00:00,,,,,,,,,,,,,,,,,,,
2023-03-01 02:23:59.815000+00:00,,,,,,,,,,,,,,,,,,,
2023-03-01 02:24:04.815000+00:00,,,,,,,,,,,,,,,,,,,
2023-03-01 02:24:09.815000+00:00,,,,,,,,,,,,,,,,,,,
2023-03-01 02:24:14.815000+00:00,,,,,,,,,,,,,,,,,,,
2023-03-01 02:24:19.815000+00:00,,,,,,,,,,,,,,,,,,,
2023-03-01 02:24:24.815000+00:00,,,,,,,,,,,,,,,,,,,
2023-03-01 02:24:34.815000+00:00,,,,,,,,,,,,,,,,,,,
2023-03-01 02:24:39.815000+00:00,,,,,,,,,,,,,,,,,,,
2023-03-01 02:24:44.815000+00:00,,,,,,,,,,,,,,,,,,,
2023-03-01 02:24:49.815000+00:00,,,,,,,,,,,,,,,,,,,
2023-03-01 02:24:54.815000+00:00,,,,,,,,,,,,,,,,,,,
2023-03-01 02:25:04.815000+00:00,,,,,,,,,,,,,,,,,,,
2023-03-01 02:25:09.815000+00:00,,,,,,,,,,,,,,,,,,,
2023-03-01 02:25:14.815000+00:00,,,,,,,,,,,,,,,,,,,
2023-03-01 02:25:19.815000+00:00,,,,,,,,,,,,,,,,,,,
2023-03-01 02:25:24.815000+00:00,,,,,,,,,,,,,,,,,,,
2023-03-01 02:25:34.815000+00:00,,,,,,,,,,,,,,,,,,,
2023-03-01 02:25:39.815000+00:00,,,,,,,,,,,,,,,,,,,
2023-03-01 02:25:44.815000+00:00,,,,,,,,,,,,,,,,,,,
2023-03-01 02:25:49.815000+00:00,,,,,,,,,,,,,,,,,,,
2023-03-01 02:25:54.815000+00:00,,,,,,,,,,,,,,,,,,,
2023-03-01 02:26:04.815000+00:00,,,,,,,,,,,,,,,,,,,
2023-03-01 02:26:09.815000+00:00,,,,,,,,,,,,,,,,,,,
2023-03-01 02:26:14.815000+00:00,,,,,,,,,,,,,,,,,,,
2023-03-01 02:26:19.815000+00:00,,,,,,,,,,,,,,,,,,,
2023-03-01 02:26:24.815000+00:00,,,,,,,,,,,,,,,,,,,
2023-03-01 02:26:34.815000+00:00,,,,,,,,,,,,,,,,,,,
2023-03-01 02:26:39.815000+00:00,,,,,,,,,,,,,,,,,,,
2023-03-01 02:26:44.815000+00:00,,,,,,,,,,,,,,,,,,,
2023-03-01 02:26:49.815000+00:00,,,,,,,,,,,,,,,,,,,
2023-03-01 02:26:54.815000+00:00,,,,,,,,,,,,,,,,,,,
2023-03-01 02:26:59.815000+00:00,,,,,,,,,,,,,,,,,,,
2023-03-01 02:27:04.815000+00:00,,,,,,,,,,,,,,,,,,,
2023-03-01 02:27:09.815000+00:00,,,,,,,,,,,,,,,,,,,
2023-03-01 02:27:14.815000+00:00,,,,,,,,,,,,,,,,,,,
2023-03-01 02:27:19.815000+00:00,,,,,,,,,,,,,,,,,,,
2023-03-01 02:27:24.815000+00:00,,,,,,,,,,,,,,,,,,,
2023-03-01 02:27:34.815000+00:00,,,,,,,,,,,,,,,,,,,
2023-03-01 02:27:39.815000+00:00,,,,,,,,,,,,,,,,,,,
2023-03-01 02:27:44.815000+00:00,,,,,,,,,,,,,,,,,,,
2023-03-01 02:27:49.815000+00:00,,,,,,,,,,,,,,,,,,,
2023-03-01 02:27:54.815000+00:00,,,,,,,,,,,,,,,,,,,
2023-03-01 02:27:59.815000+00:00,,,,,,,,,,,,,,,,,,,
2023-03-01 02:28:04.815000+00:00,,,,,,,,,,,,,,,,,,,
2023-03-01 02:28:09.815000+00:00,,,,,,,,,,,,,,,,,,,
2023-03-01 02:28:14.815000+00:00,,,,,,,,,,,,,,,,,,,
2023-03-01 02:28:19.815000+00:00,,,,,,,,,,,,,,,,,,,
2023-03-01 02:28:24.815000+00:00,,,,,,,,,,,,,,,,,,,
2023-03-01 02:28:34.815000+00:00,,,,,,,,,,,,,,,,,,,
2023-03-01 02:28:39.815000+00:00,,,,,,,,,,,,,,,,,,,
2023-03-01 02:28:44.815000+00:00,,,,,,,,,,,,,,,,,,,
2023-03-01 02:28:49.815000+00:00,,,,,,,,,,,,,,,,,,,
2023-03-01 02:28:54.815000+00:00,,,,,,,,,,,,,,,,,,,
2023-03-01 02:28:59.815000+00:00,,,,,,,,,,,,,,,,,,,
2023-03-01 02:29:04.815000+00:00,,,,,,,,,,,,,,,,,,,
2023-03-01 02:29:09.815000+00:00,,,,,,,,,,,,,,,,,,,
2023-03-01 02:29:14.815000+00:00,,,,,,,,,,,,,,,,,,,
2023-03-01 02:29:19.815000+00:00,,,,,,,,,,,,,,,,,,,
2023-03-01 02:29:24.815000+00:00,,,,,,,,,,,,,,,,,,,
2023-03-01 02:29:34.815000+00:00,,,,,,,,,,,,,,,,,,,
2023-03-01 02:29:39.815000+00:00,,,,,,,,,,,,,,,,,,,
2023-03-01 02:29:44.815000+00:00,,,,,,,,,,,,,,,,,,,
2023-03-01 02:29:49.815000+00:00,,,,,,,,,,,,,,,,,,,
2023-03-01 02:29:54.815000+00:00,,,,,,,,,,,,,,,,,,,
2023-03-01 02:29:59.815000+00:00,,,,,,,,,,,,,,,,,,,
2023-03-01 02:30:04.815000+00:00,,,,,,,,,,,,,,,,,,,
2023-03-01 02:30:09.815000+00:00,,,,,,,,,,,,,,,,,,,
2023-03-01 02:30:14.815000+00:00,,,,,,,,,,,,,,,,,,,
2023-03-01 02:30:19.815000+00:00,,,,,,,,,,,,,,,,,,,
2023-03-01 02:30:24.815000+00:00,,,,,,,,,,,,,,,,,,,
2023-03-01 02:30:34.815000+00:00,,,,,,,,,,,,,,,,,,,
2023-03-01 02:30:39.815000+00:00,,,,,,,,,,,,,,,,,,,
2023-03-01 02:30:44.815000+00:00,,,,,,,,,,,,,,,,,,,
2023-03-01 02:30:49.815000+00:00,,,,,,,,,,,,,,,,,,,
2023-03-01 02:30:54.815000+00:00,,,,,,,,,,,,,,,,,,,
2023-03-01 02:30:59.815000+00:00,,,,,,,,,,,,,,,,,,,
2023-03-01 02:31:04.815000+00:00,,,,,,,,,,,,,,,,,,,
2023-03-01 02:31:09.815000+00:00,,,,,,,,,,,,,,,,,,,
2023-03-01 02:31:14.815000+00:00,,,,,,,,,,,,,,,,,,,
2023-03-01 02:31:19.815000+00:00,,,,,,,,,,,,,,,,,,,
2023-03-01 02:31:24.815000+00:00,,,,,,,,,,,,,,,,,,,
2023-03-01 02:31:34.815000+00:00,,,,,,,,,,,,,,,,,,,
2023-03-01 02:31:39.815000+00:00,,,,,,,,,,,,,,,,,,,
2023-03-01 02:31:44.815000+00:00,,,,,,,,,,,,,,,,,,,
2023-03-01 02:31:49.815000+00:00,,,,,,,,,,,,,,,,,,,
2023-03-01 02:31:54.815000+00:00,,,,,,,,,,,,,,,,,,,
2023-03-01 02:32:04.815000+00:00,,,,,,,,,,,,,,,,,,,
2023-03-01 02:32:09.815000+00:00,,,,,,,,,,,,,,,,,,,
2023-03-01 02:32:14.815000+00:00,,,,,,,,,,,,,,,,,,,
2023-03-01 02:32:19.815000+00:00,,,,,,,,,,,,,,,,,,,
2023-03-01 02:32:24.815000+00:00,,,,,,,,,,,,,,,,,,,
2023-03-01 02:32:29.815000+00:00,,,,,,,,,,,,,,,,,,,
2023-03-01 02:32:34.815000+00:00,,,,,,,,,,,,,,,,,,,
2023-03-01 02:32:39.815000+00:00,,,,,,,,,,,,,,,,,,,
2023-03-01 02:32:44.815000+00:00,,,,,,,,,,,,,,,,,,,
2023-03-01 02:32:49.815000+00:00,,,,,,,,,,,,,,,,,,,
2023-03-01 02:32:54.815000+00:00,,,,,,,,,,,,,,,,,,,
2023-03-01 02:33:04.815000+00:00,,,,,,,,,,,,,,,,,,,
2023-03-01 02:33:09.815000+00:00,,,,,,,,,,,,,,,,,,,
2023-03-01 02:33:14.815000+00:00,,,,,,,,,,,,,,,,,,,
2023-03-01 02:33:19.815000+00:00,,,,,,,,,,,,,,,,,,,
2023-03-01 02:33:24.815000+00:00,,,,,,,,,,,,,,,,,,,
2023-03-01 02:33:29.815000+00:00,,,,,,,,,,,,,,,,,,,
2023-03-01 02:33:34.815000+00:00,,,,,,,,,,,,,,,,,,,
2023-03-01 02:33:39.815000+00:00,,,,,,,,,,,,,,,,,,,
2023-03-01 02:33:44.815000+00:00,,,,,,,,,,,,,,,,,,,
2023-03-01 02:33:49.815000+00:00,,,,,,,,,,,,,,,,,,,
2023-03-01 02:33:54.815000+00:00,,,,,,,,,,,,,,,,,,,
2023-03-01 02:34:04.815000+00:00,,,,,,,,,,,,,,,,,,,
2023-03-01 02:34:09.815000+00:00,,,,,,,,,,,,,,,,,,,
2023-03-01 02:34:14.815000+00:00,,,,,,,,,,,,,,,,,,,
2023-03-01 02:34:19.815000+00:00,,,,,,,,,,,,,,,,,,,
2023-03-01 02:34:24.815000+00:00,,,,,,,,,,,,,,,,,,,
2023-03-01 02:34:29.815000+00:00,,,,,,,,,,,,,,,,,,,
2023-03-01 02:34:34.815000+00:00,,,,,,,,,,,,,,,,,,,
2023-03-01 02:34:39.815000+00:00,,,,,,,,,,,,,,,,,,,
2023-03-01 02:34:44.815000+00:00,,,,,,,,,,,,,,,,,,,
2023-03-01 02:34:49.815000+00:00,,,,,,,,,,,,,,,,,,,
2023-03-01 02:34:54.815000+00:00,,,,,,,,,,,,,,,,,,,
2023-03-01 02:34:59.815000+00:00,,,,,,,,,,,,,,,,,,,
2023-03-01 02:35:04.815000+00:00,,,,,,,,,,,,,,,,,,,
2023-03-01 02:35:09.815000+00:00,,,,,,,,,,,,,,,,,,,
2023-03-01 02:35:14.815000+00:00,,,,,,,,,,,,,,,,,,,
2023-03-01 02:35:19.815000+00:00,,,,,,,,,,,,,,,,,,,
2023-03-01 02:35:24.815000+00:00,,,,,,,,,,,,,,,,,,,
2023-03-01 02:35:34.815000+00:00,,,,,,,,,,,,,,,,,,,
2023-03-01 02:35:39.815000+00:00,,,,,,,,,,,,,,,,,,,
2023-03-01 02:35:44.815000+00:00,,,,,,,,,,,,,,,,,,,
2023-03-01 02:35:49.815000+00:00,,,,,,,,,,,,,,,,,,,
2023-03-01 02:35:54.815000+00:00,,,,,,,,,,,,,,,,,,,
2023-03-01 02:35:59.815000+00:00,,,,,,,,,,,,,,,,,,,
2023-03-01 02:36:04.815000+00:00,,,,,,,,,,,,,,,,,,,
2023-03-01 02:36:09.815000+00:00,,,,,,,,,,,,,,,,,,,
2023-03-01 02:36:14.815000+00:00,,,,,,,,,,,,,,,,,,,
2023-03-01 02:36:19.815000+00:00,,,,,,,,,,,,,,,,,,,
2023-03-01 02:36:24.815000+00:00,,,,,,,,,,,,,,,,,,,
2023-03-01 02:36:29.815000+00:00,,,,,,,,,,,,,,,,,,,
2023-03-01 02:36:34.815000+00:00,,,,,,,,,,,,,,,,,,,
2023-03-01 02:36:39.815000+00:00,,,,,,,,,,,,,,,,,,,
2023-03-01 02:36:44.815000+00:00,,,,,,,,,,,,,,,,,,,
2023-03-01 02:36:49.815000+00:00,,,,,,,,,,,,,,,,,,,
2023-03-01 02:36:54.815000+00:00,,,,,,,,,,,,,,,,,,,
2023-03-01 02:36:59.815000+00:00,,,,,,,,,,,,,,,,,,,
2023-03-01 02:37:04.815000+00:00,,,,,,,,,,,,,,,,,,,
2023-03-01 02:37:09.815000+00:00,,,,,,,,,,,,,,,,,,,
2023-03-01 02:37:14.815000+00:00,,,,,,,,,,,,,,,,,,,
2023-03-01 02:37:19.815000+00:00,,,,,,,,,,,,,,,,,,,
2023-03-01 02:37:24.815000+00:00,,,,,,,,,,,,,,,,,,,
2023-03-01 02:37:34.815000+00:00,,,,,,,,,,,,,,,,,,,
2023-03-01 02:37:39.815000+00:00,,,,,,,,,,,,,,,,,,,
2023-03-01 02:37:44.815000+00:00,,,,,,,,,,,,,,,,,,,
2023-03-01 02:37:49.815000+00:00,,,,,,,,,,,,,,,,,,,
2023-03-01 02:37:54.815000+00:00,,,,,,,,,,,,,,,,,,,
2023-03-01 02:37:59.815000+00:00,,,,,,,,,,,,,,,,,,,
2023-03-01 02:38:04.815000+00:00,,,,,,,,,,,,,,,,,,,
2023-03-01 02:38:09.815000+00:00,,,,,,,,,,,,,,,,,,,
2023-03-01 02:38:14.815000+00:00,,,,,,,,,,,,,,,,,,,
2023-03-01 02:38:19.815000+00:00,,,,,,,,,,,,,,,,,,,
2023-03-01 02:38:24.815000+00:00,,,,,,,,,,,,,,,,,,,
2023-03-01 02:38:34.815000+00:00,,,,,,,,,,,,,,,,,,,
2023-03-01 02:38:39.815000+00:00,,,,,,,,,,,,,,,,,,,
2023-03-01 02:38:44.815000+00:00,,,,,,,,,,,,,,,,,,,
2023-03-01 02:38:49.815000+00:00,,,,,,,,,,,,,,,,,,,
2023-03-01 02:38:54.815000+00:00,,,,,,,,,,,,,,,,,,,
2023-03-01 02:39:04.815000+00:00,,,,,,,,,,,,,,,,,,,
2023-03-01 02:39:09.815000+00:00,,,,,,,,,,,,,,,,,,,
2023-03-01 02:39:14.815000+00:00,,,,,,,,,,,,,,,,,,,
2023-03-01 02:39:19.815000+00:00,,,,,,,,,,,,,,,,,,,
2023-03-01 02:39:24.815000+00:00,,,,,,,,,,,,,,,,,,,
2023-03-01 02:39:34.815000+00:00,,,,,,,,,,,,,,,,,,,
2023-03-01 02:39:39.815000+00:00,,,,,,,,,,,,,,,,,,,
2023-03-01 02:39:44.815000+00:00,,,,,,,,,,,,,,,,,,,
2023-03-01 02:39:49.815000+00:00,,,,,,,,,,,,,,,,,,,
2023-03-01 02:39:54.815000+00:00,,,,,,,,,,,,,,,,,,,
2023-03-01 02:40:04.815000+00:00,,,,,,,,,,,,,,,,,,,
2023-03-01 02:40:09.815000+00:00,,,,,,,,,,,,,,,,,,,
2023-03-01 02:40:14.815000+00:00,,,,,,,,,,,,,,,,,,,
2023-03-01 02:40:19.815000+00:00,,,,,,,,,,,,,,,,,,,
2023-03-01 02:40:24.815000+00:00,,,,,,,,,,,,,,,,,,,
2023-03-01 02:40:29.815000+00:00,,,,,,,,,,,,,,,,,,,
2023-03-01 02:40:34.815000+00:00,,,,,,,,,,,,,,,,,,,
2023-03-01 02:40:39.815000+00:00,,,,,,,,,,,,,,,,,,,
2023-03-01 02:40:44.815000+00:00,,,,,,,,,,,,,,,,,,,
2023-03-01 02:40:49.815000+00:00,,,,,,,,,,,,,,,,,,,
2023-03-01 02:40:54.815000+00:00,,,,,,,,,,,,,,,,,,,
2023-03-01 02:40:59.815000+00:00,,,,,,,,,,,,,,,,,,,
2023-03-01 02:41:04.815000+00:00,,,,,,,,,,,,,,,,,,,
2023-03-01 02:41:09.815000+00:00,,,,,,,,,,,,,,,,,,,
2023-03-01 02:41:14.815000+00:00,,,,,,,,,,,,,,,,,,,
2023-03-01 02:41:19.815000+00:00,,,,,,,,,,,,,,,,,,,
2023-03-01 02:41:24.815000+00:00,,,,,,,,,,,,,,,,,,,
2023-03-01 02:41:34.815000+00:00,,,,,,,,,,,,,,,,,,,
2023-03-01 02:41:39.815000+00:00,,,,,,,,,,,,,,,,,,,
2023-03-01 02:41:44.815000+00:00,,,,,,,,,,,,,,,,,,,
2023-03-01 02:41:49.815000+00:00,,,,,,,,,,,,,,,,,,,
2023-03-01 02:41:54.815000+00:00,,,,,,,,,,,,,,,,,,,
2023-03-01 02:42:04.815000+00:00,,,,,,,,,,,,,,,,,,,
2023-03-01 02:42:09.815000+00:00,,,,,,,,,,,,,,,,,,,
2023-03-01 02:42:14.815000+00:00,,,,,,,,,,,,,,,,,,,
2023-03-01 02:42:19.815000+00:00,,,,,,,,,,,,,,,,,,,
2023-03-01 02:42:24.815000+00:00,,,,,,,,,,,,,,,,,,,
2023-03-01 02:42:34.815000+00:00,,,,,,,,,,,,,,,,,,,
2023-03-01 02:42:39.815000+00:00,,,,,,,,,,,,,,,,,,,
2023-03-01 02:42:44.815000+00:00,,,,,,,,,,,,,,,,,,,
2023-03-01 02:42:49.815000+00:00,,,,,,,,,,,,,,,,,,,
2023-03-01 02:42:54.815000+00:00,,,,,,,,,,,,,,,,,,,
2023-03-01 02:43:04.815000+00:00,,,,,,,,,,,,,,,,,,,
2023-03-01 02:43:09.815000+00:00,,,,,,,,,,,,,,,,,,,
2023-03-01 02:43:14.815000+00:00,,,,,,,,,,,,,,,,,,,
2023-03-01 02:43:19.815000+00:00,,,,,,,,,,,,,,,,,,,
2023-03-01 02:43:24.815000+00:00,,,,,,,,,,,,,,,,,,,
2023-03-01 02:43:29.815000+00:00,,,,,,,,,,,,,,,,,,,
2023-03-01 02:43:34.815000+00:00,,,,,,,,,,,,,,,,,,,
2023-03-01 02:43:39.815000+00:00,,,,,,,,,,,,,,,,,,,
2023-03-01 02:43:44.815000+00:00,,,,,,,,,,,,,,,,,,,
2023-03-01 02:43:49.815000+00:00,,,,,,,,,,,,,,,,,,,
2023-03-01 02:43:54.815000+00:00,,,,,,,,,,,,,,,,,,,
2023-03-01 02:43:59.815000+00:00,,,,,,,,,,,,,,,,,,,
2023-03-01 02:44:04.815000+00:00,,,,,,,,,,,,,,,,,,,
2023-03-01 02:44:09.815000+00:00,,,,,,,,,,,,,,,,,,,
2023-03-01 02:44:14.815000+00:00,,,,,,,,,,,,,,,,,,,
2023-03-01 02:44:19.815000+00:00,,,,,,,,,,,,,,,,,,,
2023-03-01 02:44:24.815000+00:00,,,,,,,,,,,,,,,,,,,
2023-03-01 02:44:29.815000+00:00,,,,,,,,,,,,,,,,,,,
2023-03-01 02:44:34.815000+00:00,,,,,,,,,,,,,,,,,,,
2023-03-01 02:44:39.815000+00:00,,,,,,,,,,,,,,,,,,,
2023-03-01 02:44:44.815000+00:00,,,,,,,,,,,,,,,,,,,
2023-03-01 02:44:49.815000+00:00,,,,,,,,,,,,,,,,,,,
2023-03-01 02:44:54.815000+00:00,,,,,,,,,,,,,,,,,,,
2023-03-01 02:45:04.815000+00:00,,,,,,,,,,,,,,,,,,,
2023-03-01 02:45:09.815000+00:00,,,,,,,,,,,,,,,,,,,
2023-03-01 02:45:14.815000+00:00,,,,,,,,,,,,,,,,,,,
2023-03-01 02:45:19.815000+00:00,,,,,,,,,,,,,,,,,,,
2023-03-01 02:45:24.815000+00:00,,,,,,,,,,,,,,,,,,,
2023-03-01 02:45:34.815000+00:00,,,,,,,,,,,,,,,,,,,
2023-03-01 02:45:39.815000+00:00,,,,,,,,,,,,,,,,,,,
2023-03-01 02:45:44.815000+00:00,,,,,,,,,,,,,,,,,,,
2023-03-01 02:45:49.815000+00:00,,,,,,,,,,,,,,,,,,,
2023-03-01 02:45:54.815000+00:00,,,,,,,,,,,,,,,,,,,
2023-03-01 02:46:04.815000+00:00,,,,,,,,,,,,,,,,,,,
2023-03-01 02:46:09.815000+00:00,,,,,,,,,,,,,,,,,,,
2023-03-01 02:46:14.815000+00:00,,,,,,,,,,,,,,,,,,,
2023-03-01 02:46:19.815000+00:00,,,,,,,,,,,,,,,,,,,
2023-03-01 02:46:24.815000+00:00,,,,,,,,,,,,,,,,,,,
2023-03-01 02:46:34.815000+00:00,,,,,,,,,,,,,,,,,,,
2023-03-01 02:46:39.815000+00:00,,,,,,,,,,,,,,,,,,,
2023-03-01 02:46:44.815000+00:00,,,,,,,,,,,,,,,,,,,
2023-03-01 02:46:49.815000+00:00,,,,,,,,,,,,,,,,,,,
2023-03-01 02:46:54.815000+00:00,,,,,,,,,,,,,,,,,,,
2023-03-01 02:47:04.815000+00:00,,,,,,,,,,,,,,,,,,,
2023-03-01 02:47:09.815000+00:00,,,,,,,,,,,,,,,,,,,
2023-03-01 02:47:14.815000+00:00,,,,,,,,,,,,,,,,,,,
2023-03-01 02:47:19.815000+00:00,,,,,,,,,,,,,,,,,,,
2023-03-01 02:47:24.815000+00:00,,,,,,,,,,,,,,,,,,,
2023-03-01 02:47:34.815000+00:00,,,,,,,,,,,,,,,,,,,
2023-03-01 02:47:39.815000+00:00,,,,,,,,,,,,,,,,,,,
2023-03-01 02:47:44.815000+00:00,,,,,,,,,,,,,,,,,,,
2023-03-01 02:47:49.815000+00:00,,,,,,,,,,,,,,,,,,,
2023-03-01 02:47:54.815000+00:00,,,,,,,,,,,,,,,,,,,
2023-03-01 02:48:04.815000+00:00,,,,,,,,,,,,,,,,,,,
2023-03-01 02:48:09.815000+00:00,,,,,,,,,,,,,,,,,,,
2023-03-01 02:48:14.815000+00:00,,,,,,,,,,,,,,,,,,,
2023-03-01 02:48:19.815000+00:00,,,,,,,,,,,,,,,,,,,
2023-03-01 02:48:24.815000+00:00,,,,,,,,,,,,,,,,,,,
2023-03-01 02:48:29.815000+00:00,,,,,,,,,,,,,,,,,,,
2023-03-01 02:48:34.815000+00:00,,,,,,,,,,,,,,,,,,,
2023-03-01 02:48:39.815000+00:00,,,,,,,,,,,,,,,,,,,
2023-03-01 02:48:44.815000+00:00,,,,,,,,,,,,,,,,,,,
2023-03-01 02:48:49.815000+00:00,,,,,,,,,,,,,,,,,,,
2023-03-01 02:48:54.815000+00:00,,,,,,,,,,,,,,,,,,,
2023-03-01 02:48:59.815000+00:00,,,,,,,,,,,,,,,,,,,
2023-03-01 02:49:04.815000+00:00,,,,,,,,,,,,,,,,,,,
2023-03-01 02:49:09.815000+00:00,,,,,,,,,,,,,,,,,,,
2023-03-01 02:49:14.815000+00:00,,,,,,,,,,,,,,,,,,,
2023-03-01 02:49:19.815000+00:00,,,,,,,,,,,,,,,,,,,
2023-03-01 02:49:24.815000+00:00,,,,,,,,,,,,,,,,,,,
2023-03-01 02:49:29.815000+00:00,,,,,,,,,,,,,,,,,,,
2023-03-01 02:49:34.815000+00:00,,,,,,,,,,,,,,,,,,,
2023-03-01 02:49:39.815000+00:00,,,,,,,,,,,,,,,,,,,
2023-03-01 02:49:44.815000+00:00,,,,,,,,,,,,,,,,,,,
2023-03-01 02:49:49.815000+00:00,,,,,,,,,,,,,,,,,,,
2023-03-01 02:49:54.815000+00:00,,,,,,,,,,,,,,,,,,,
2023-03-01 02:49:59.815000+00:00,,,,,,,,,,,,,,,,,,,
2023-03-01 02:50:04.815000+00:00,,,,,,,,,,,,,,,,,,,
2023-03-01 02:50:09.815000+00:00,,,,,,,,,,,,,,,,,,,
2023-03-01 02:50:14.815000+00:00,,,,,,,,,,,,,,,,,,,
2023-03-01 02:50:19.815000+00:00,,,,,,,,,,,,,,,,,,,
2023-03-01 02:50:24.815000+00:00,,,,,,,,,,,,,,,,,,,
2023-03-01 02:50:29.815000+00:00,,,,,,,,,,,,,,,,,,,
2023-03-01 02:50:34.815000+00:00,,,,,,,,,,,,,,,,,,,
2023-03-01 02:50:39.815000+00:00,,,,,,,,,,,,,,,,,,,
2023-03-01 02:50:44.815000+00:00,,,,,,,,,,,,,,,,,,,
2023-03-01 02:50:49.815000+00:00,,,,,,,,,,,,,,,,,,,
2023-03-01 02:50:54.815000+00:00,,,,,,,,,,,,,,,,,,,
2023-03-01 02:50:59.815000+00:00,,,,,,,,,,,,,,,,,,,
2023-03-01 02:51:04.815000+00:00,,,,,,,,,,,,,,,,,,,
2023-03-01 02:51:09.815000+00:00,,,,,,,,,,,,,,,,,,,
2023-03-01 02:51:14.815000+00:00,,,,,,,,,,,,,,,,,,,
2023-03-01 02:51:19.815000+00:00,,,,,,,,,,,,,,,,,,,
2023-03-01 02:51:24.815000+00:00,,,,,,,,,,,,,,,,,,,
2023-03-01 02:51:34.815000+00:00,,,,,,,,,,,,,,,,,,,
2023-03-01 02:51:39.815000+00:00,,,,,,,,,,,,,,,,,,,
2023-03-01 02:51:44.815000+00:00,,,,,,,,,,,,,,,,,,,
2023-03-01 02:51:49.815000+00:00,,,,,,,,,,,,,,,,,,,
2023-03-01 02:51:54.815000+00:00,,,,,,,,,,,,,,,,,,,
2023-03-01 02:52:04.815000+00:00,,,,,,,,,,,,,,,,,,,
2023-03-01 02:52:09.815000+00:00,,,,,,,,,,,,,,,,,,,
2023-03-01 02:52:14.815000+00:00,,,,,,,,,,,,,,,,,,,
2023-03-01 02:52:19.815000+00:00,,,,,,,,,,,,,,,,,,,
2023-03-01 02:52:24.815000+00:00,,,,,,,,,,,,,,,,,,,
2023-03-01 02:52:34.815000+00:00,,,,,,,,,,,,,,,,,,,
2023-03-01 02:52:39.815000+00:00,,,,,,,,,,,,,,,,,,,
2023-03-01 02:52:44.815000+00:00,,,,,,,,,,,,,,,,,,,
2023-03-01 02:52:49.815000+00:00,,,,,,,,,,,,,,,,,,,
2023-03-01 02:52:54.815000+00:00,,,,,,,,,,,,,,,,,,,
2023-03-01 02:52:59.815000+00:00,,,,,,,,,,,,,,,,,,,
2023-03-01 02:53:04.815000+00:00,,,,,,,,,,,,,,,,,,,
2023-03-01 02:53:09.815000+00:00,,,,,,,,,,,,,,,,,,,
2023-03-01 02:53:14.815000+00:00,,,,,,,,,,,,,,,,,,,
2023-03-01 02:53:19.815000+00:00,,,,,,,,,,,,,,,,,,,
2023-03-01 02:53:24.815000+00:00,,,,,,,,,,,,,,,,,,,
2023-03-01 02:53:34.815000+00:00,,,,,,,,,,,,,,,,,,,
2023-03-01 02:53:39.815000+00:00,,,,,,,,,,,,,,,,,,,
2023-03-01 02:53:44.815000+00:00,,,,,,,,,,,,,,,,,,,
2023-03-01 02:53:49.815000+00:00,,,,,,,,,,,,,,,,,,,
2023-03-01 02:53:54.815000+00:00,,,,,,,,,,,,,,,,,,,
2023-03-01 02:53:59.815000+00:00,,,,,,,,,,,,,,,,,,,
2023-03-01 02:54:04.815000+00:00,,,,,,,,,,,,,,,,,,,
2023-03-01 02:54:09.815000+00:00,,,,,,,,,,,,,,,,,,,
2023-03-01 02:54:14.815000+00:00,,,,,,,,,,,,,,,,,,,
2023-03-01 02:54:19.815000+00:00,,,,,,,,,,,,,,,,,,,
2023-03-01 02:54:24.815000+00:00,,,,,,,,,,,,,,,,,,,
2023-03-01 02:54:34.815000+00:00,,,,,,,,,,,,,,,,,,,
2023-03-01 02:54:39.815000+00:00,,,,,,,,,,,,,,,,,,,
2023-03-01 02:54:44.815000+00:00,,,,,,,,,,,,,,,,,,,
2023-03-01 02:54:49.815000+00:00,,,,,,,,,,,,,,,,,,,
2023-03-01 02:54:54.815000+00:00,,,,,,,,,,,,,,,,,,,
2023-03-01 02:55:04.815000+00:00,,,,,,,,,,,,,,,,,,,
2023-03-01 02:55:09.815000+00:00,,,,,,,,,,,,,,,,,,,
2023-03-01 02:55:14.815000+00:00,,,,,,,,,,,,,,,,,,,
2023-03-01 02:55:19.815000+00:00,,,,,,,,,,,,,,,,,,,
2023-03-01 02:55:24.815000+00:00,,,,,,,,,,,,,,,,,,,
2023-03-01 02:55:29.815000+00:00,,,,,,,,,,,,,,,,,,,
2023-03-01 02:55:34.815000+00:00,,,,,,,,,,,,,,,,,,,
2023-03-01 02:55:39.815000+00:00,,,,,,,,,,,,,,,,,,,
2023-03-01 02:55:44.815000+00:00,,,,,,,,,,,,,,,,,,,
2023-03-01 02:55:49.815000+00:00,,,,,,,,,,,,,,,,,,,
2023-03-01 02:55:54.815000+00:00,,,,,,,,,,,,,,,,,,,
2023-03-01 02:55:59.815000+00:00,,,,,,,,,,,,,,,,,,,
2023-03-01 02:56:04.815000+00:00,,,,,,,,,,,,,,,,,,,
2023-03-01 02:56:09.815000+00:00,,,,,,,,,,,,,,,,,,,
2023-03-01 02:56:14.815000+00:00,,,,,,,,,,,,,,,,,,,
2023-03-01 02:56:19.815000+00:00,,,,,,,,,,,,,,,,,,,
2023-03-01 02:56:24.815000+00:00,,,,,,,,,,,,,,,,,,,
2023-03-01 02:56:29.815000+00:00,,,,,,,,,,,,,,,,,,,
2023-03-01 02:56:34.815000+00:00,,,,,,,,,,,,,,,,,,,
2023-03-01 02:56:39.815000+00:00,,,,,,,,,,,,,,,,,,,
2023-03-01 02:56:44.815000+00:00,,,,,,,,,,,,,,,,,,,
2023-03-01 02:56:49.815000+00:00,,,,,,,,,,,,,,,,,,,
2023-03-01 02:56:54.815000+00:00,,,,,,,,,,,,,,,,,,,
2023-03-01 02:56:59.815000+00:00,,,,,,,,,,,,,,,,,,,
2023-03-01 02:57:04.815000+00:00,,,,,,,,,,,,,,,,,,,
2023-03-01 02:57:09.815000+00:00,,,,,,,,,,,,,,,,,,,
2023-03-01 02:57:14.815000+00:00,,,,,,,,,,,,,,,,,,,
2023-03-01 02:57:19.815000+00:00,,,,,,,,,,,,,,,,,,,
2023-03-01 02:57:24.815000+00:00,,,,,,,,,,,,,,,,,,,
2023-03-01 02:57:34.815000+00:00,,,,,,,,,,,,,,,,,,,
2023-03-01 02:57:39.815000+00:00,,,,,,,,,,,,,,,,,,,
2023-03-01 02:57:44.815000+00:00,,,,,,,,,,,,,,,,,,,
2023-03-01 02:57:49.815000+00:00,,,,,,,,,,,,,,,,,,,
2023-03-01 02:57:54.815000+00:00,,,,,,,,,,,,,,,,,,,
2023-03-01 02:58:04.815000+00:00,,,,,,,,,,,,,,,,,,,
2023-03-01 02:58:09.815000+00:00,,,,,,,,,,,,,,,,,,,
2023-03-01 02:58:14.815000+00:00,,,,,,,,,,,,,,,,,,,
2023-03-01 02:58:19.815000+00:00,,,,,,,,,,,,,,,,,,,
2023-03-01 02:58:24.815000+00:00,,,,,,,,,,,,,,,,,,,
2023-03-01 02:58:34.815000+00:00,,,,,,,,,,,,,,,,,,,
2023-03-01 02:58:39.815000+00:00,,,,,,,,,,,,,,,,,,,
2023-03-01 02:58:44.815000+00:00,,,,,,,,,,,,,,,,,,,
2023-03-01 02:58:49.815000+00:00,,,,,,,,,,,,,,,,,,,
2023-03-01 02:58:54.815000+00:00,,,,,,,,,,,,,,,,,,,
2023-03-01 02:59:04.815000+00:00,,,,,,,,,,,,,,,,,,,
2023-03-01 02:59:09.815000+00:00,,,,,,,,,,,,,,,,,,,
2023-03-01 02:59:14.815000+00:00,,,,,,,,,,,,,,,,,,,
2023-03-01 02:59:19.815000+00:00,,,,,,,,,,,,,,,,,,,
2023-03-01 02:59:24.815000+00:00,,,,,,,,,,,,,,,,,,,
2023-03-01 02:59:34.822000+00:00,,,,,,,,,,,,,,,,,,,
2023-03-01 02:59:39.815000+00:00,,,,,,,,,,,,,,,,,,,
2023-03-01 02:59:44.815000+00:00,,,,,,,,,,,,,,,,,,,
2023-03-01 02:59:49.815000+00:00,,,,,,,,,,,,,,,,,,,
2023-03-01 02:59:54.815000+00:00,,,,,,,,,,,,,,,,,,,
2023-03-01 03:00:04.815000+00:00,,,,,,,,,,,,,,,,,,,
2023-03-01 03:00:09.815000+00:00,,,,,,,,,,,,,,,,,,,
2023-03-01 03:00:14.815000+00:00,,,,,,,,,,,,,,,,,,,
2023-03-01 03:00:19.815000+00:00,,,,,,,,,,,,,,,,,,,
2023-03-01 03:00:24.815000+00:00,,,,,,,,,,,,,,,,,,,
2023-03-01 03:00:34.815000+00:00,,,,,,,,,,,,,,,,,,,
2023-03-01 03:00:39.815000+00:00,,,,,,,,,,,,,,,,,,,
2023-03-01 03:00:44.815000+00:00,,,,,,,,,,,,,,,,,,,
2023-03-01 03:00:49.815000+00:00,,,,,,,,,,,,,,,,,,,
2023-03-01 03:00:54.815000+00:00,,,,,,,,,,,,,,,,,,,
2023-03-01 03:01:04.815000+00:00,,,,,,,,,,,,,,,,,,,
2023-03-01 03:01:09.815000+00:00,,,,,,,,,,,,,,,,,,,
2023-03-01 03:01:14.815000+00:00,,,,,,,,,,,,,,,,,,,
2023-03-01 03:01:19.815000+00:00,,,,,,,,,,,,,,,,,,,
2023-03-01 03:01:24.815000+00:00,,,,,,,,,,,,,,,,,,,
2023-03-01 03:01:34.815000+00:00,,,,,,,,,,,,,,,,,,,
2023-03-01 03:01:39.815000+00:00,,,,,,,,,,,,,,,,,,,
2023-03-01 03:01:44.815000+00:00,,,,,,,,,,,,,,,,,,,
2023-03-01 03:01:49.815000+00:00,,,,,,,,,,,,,,,,,,,
2023-03-01 03:01:54.815000+00:00,,,,,,,,,,,,,,,,,,,
2023-03-01 03:02:04.815000+00:00,,,,,,,,,,,,,,,,,,,
2023-03-01 03:02:09.815000+00:00,,,,,,,,,,,,,,,,,,,
2023-03-01 03:02:14.815000+00:00,,,,,,,,,,,,,,,,,,,
2023-03-01 03:02:19.815000+00:00,,,,,,,,,,,,,,,,,,,
2023-03-01 03:02:24.815000+00:00,,,,,,,,,,,,,,,,,,,
2023-03-01 03:02:29.815000+00:00,,,,,,,,,,,,,,,,,,,
2023-03-01 03:02:34.815000+00:00,,,,,,,,,,,,,,,,,,,
2023-03-01 03:02:39.815000+00:00,,,,,,,,,,,,,,,,,,,
2023-03-01 03:02:44.815000+00:00,,,,,,,,,,,,,,,,,,,
2023-03-01 03:02:49.815000+00:00,,,,,,,,,,,,,,,,,,,
2023-03-01 03:02:54.815000+00:00,,,,,,,,,,,,,,,,,,,
2023-03-01 03:02:59.815000+00:00,,,,,,,,,,,,,,,,,,,
2023-03-01 03:03:04.815000+00:00,,,,,,,,,,,,,,,,,,,
2023-03-01 03:03:09.815000+00:00,,,,,,,,,,,,,,,,,,,
2023-03-01 03:03:14.815000+00:00,,,,,,,,,,,,,,,,,,,
2023-03-01 03:03:19.815000+00:00,,,,,,,,,,,,,,,,,,,
2023-03-01 03:03:24.815000+00:00,,,,,,,,,,,,,,,,,,,
2023-03-01 03:03:29.815000+00:00,,,,,,,,,,,,,,,,,,,
2023-03-01 03:03:34.815000+00:00,,,,,,,,,,,,,,,,,,,
2023-03-01 03:03:39.815000+00:00,,,,,,,,,,,,,,,,,,,
2023-03-01 03:03:44.815000+00:00,,,,,,,,,,,,,,,,,,,
2023-03-01 03:03:49.815000+00:00,,,,,,,,,,,,,,,,,,,
2023-03-01 03:03:54.815000+00:00,,,,,,,,,,,,,,,,,,,
2023-03-01 03:03:59.815000+00:00,,,,,,,,,,,,,,,,,,,
2023-03-01 03:04:04.815000+00:00,,,,,,,,,,,,,,,,,,,
2023-03-01 03:04:09.815000+00:00,,,,,,,,,,,,,,,,,,,
2023-03-01 03:04:14.815000+00:00,,,,,,,,,,,,,,,,,,,
2023-03-01 03:04:19.815000+00:00,,,,,,,,,,,,,,,,,,,
2023-03-01 03:04:24.815000+00:00,,,,,,,,,,,,,,,,,,,
2023-03-01 03:04:29.815000+00:00,,,,,,,,,,,,,,,,,,,
2023-03-01 03:04:34.815000+00:00,,,,,,,,,,,,,,,,,,,
2023-03-01 03:04:39.815000+00:00,,,,,,,,,,,,,,,,,,,
2023-03-01 03:04:44.815000+00:00,,,,,,,,,,,,,,,,,,,
2023-03-01 03:04:49.815000+00:00,,,,,,,,,,,,,,,,,,,
2023-03-01 03:04:54.815000+00:00,,,,,,,,,,,,,,,,,,,
2023-03-01 03:04:59.815000+00:00,,,,,,,,,,,,,,,,,,,
2023-03-01 03:05:04.815000+00:00,,,,,,,,,,,,,,,,,,,
2023-03-01 03:05:09.815000+00:00,,,,,,,,,,,,,,,,,,,
2023-03-01 03:05:14.815000+00:00,,,,,,,,,,,,,,,,,,,
2023-03-01 03:05:19.815000+00:00,,,,,,,,,,,,,,,,,,,
2023-03-01 03:05:24.815000+00:00,,,,,,,,,,,,,,,,,,,
2023-03-01 03:05:29.815000+00:00,,,,,,,,,,,,,,,,,,,
2023-03-01 03:05:34.815000+00:00,,,,,,,,,,,,,,,,,,,
2023-03-01 03:05:39.815000+00:00,,,,,,,,,,,,,,,,,,,
2023-03-01 03:05:44.815000+00:00,,,,,,,,,,,,,,,,,,,
2023-03-01 03:05:49.815000+00:00,,,,,,,,,,,,,,,,,,,
2023-03-01 03:05:54.815000+00:00,,,,,,,,,,,,,,,,,,,
2023-03-01 03:05:59.815000+00:00,,,,,,,,,,,,,,,,,,,
2023-03-01 03:06:04.815000+00:00,,,,,,,,,,,,,,,,,,,
2023-03-01 03:06:09.815000+00:00,,,,,,,,,,,,,,,,,,,
2023-03-01 03:06:14.815000+00:00,,,,,,,,,,,,,,,,,,,
2023-03-01 03:06:19.815000+00:00,,,,,,,,,,,,,,,,,,,
2023-03-01 03:06:24.815000+00:00,,,,,,,,,,,,,,,,,,,
2023-03-01 03:06:29.815000+00:00,,,,,,,,,,,,,,,,,,,
2023-03-01 03:06:34.815000+00:00,,,,,,,,,,,,,,,,,,,
2023-03-01 03:06:39.815000+00:00,,,,,,,,,,,,,,,,,,,
2023-03-01 03:06:44.815000+00:00,,,,,,,,,,,,,,,,,,,
2023-03-01 03:06:49.815000+00:00,,,,,,,,,,,,,,,,,,,
2023-03-01 03:06:54.815000+00:00,,,,,,,,,,,,,,,,,,,
2023-03-01 03:06:59.815000+00:00,,,,,,,,,,,,,,,,,,,
2023-03-01 03:07:04.815000+00:00,,,,,,,,,,,,,,,,,,,
2023-03-01 03:07:09.815000+00:00,,,,,,,,,,,,,,,,,,,
2023-03-01 03:07:14.815000+00:00,,,,,,,,,,,,,,,,,,,
2023-03-01 03:07:19.815000+00:00,,,,,,,,,,,,,,,,,,,
2023-03-01 03:07:24.815000+00:00,,,,,,,,,,,,,,,,,,,
2023-03-01 03:07:29.815000+00:00,,,,,,,,,,,,,,,,,,,
2023-03-01 03:07:34.815000+00:00,,,,,,,,,,,,,,,,,,,
2023-03-01 03:07:39.815000+00:00,,,,,,,,,,,,,,,,,,,
2023-03-01 03:07:44.815000+00:00,,,,,,,,,,,,,,,,,,,
2023-03-01 03:07:49.815000+00:00,,,,,,,,,,,,,,,,,,,
2023-03-01 03:07:54.815000+00:00,,,,,,,,,,,,,,,,,,,
2023-03-01 03:07:59.815000+00:00,,,,,,,,,,,,,,,,,,,
2023-03-01 03:08:04.815000+00:00,,,,,,,,,,,,,,,,,,,
2023-03-01 03:08:09.815000+00:00,,,,,,,,,,,,,,,,,,,
2023-03-01 03:08:14.815000+00:00,,,,,,,,,,,,,,,,,,,
2023-03-01 03:08:19.815000+00:00,,,,,,,,,,,,,,,,,,,
2023-03-01 03:08:24.815000+00:00,,,,,,,,,,,,,,,,,,,
2023-03-01 03:08:29.815000+00:00,,,,,,,,,,,,,,,,,,,
2023-03-01 03:08:34.815000+00:00,,,,,,,,,,,,,,,,,,,
2023-03-01 03:08:39.815000+00:00,,,,,,,,,,,,,,,,,,,
2023-03-01 03:08:44.815000+00:00,,,,,,,,,,,,,,,,,,,
2023-03-01 03:08:49.815000+00:00,,,,,,,,,,,,,,,,,,,
2023-03-01 03:08:54.815000+00:00,,,,,,,,,,,,,,,,,,,
2023-03-01 03:08:59.815000+00:00,,,,,,,,,,,,,,,,,,,
2023-03-01 03:09:04.815000+00:00,,,,,,,,,,,,,,,,,,,
2023-03-01 03:09:09.815000+00:00,,,,,,,,,,,,,,,,,,,
2023-03-01 03:09:14.815000+00:00,,,,,,,,,,,,,,,,,,,
2023-03-01 03:09:19.815000+00:00,,,,,,,,,,,,,,,,,,,
2023-03-01 03:09:24.815000+00:00,,,,,,,,,,,,,,,,,,,
2023-03-01 03:09:29.815000+00:00,,,,,,,,,,,,,,,,,,,
2023-03-01 03:09:34.815000+00:00,,,,,,,,,,,,,,,,,,,
2023-03-01 03:09:39.815000+00:00,,,,,,,,,,,,,,,,,,,
2023-03-01 03:09:44.815000+00:00,,,,,,,,,,,,,,,,,,,
2023-03-01 03:09:49.815000+00:00,,,,,,,,,,,,,,,,,,,
2023-03-01 03:09:54.815000+00:00,,,,,,,,,,,,,,,,,,,
2023-03-01 03:09:59.815000+00:00,,,,,,,,,,,,,,,,,,,
2023-03-01 03:10:04.815000+00:00,,,,,,,,,,,,,,,,,,,
2023-03-01 03:10:09.815000+00:00,,,,,,,,,,,,,,,,,,,
2023-03-01 03:10:14.815000+00:00,,,,,,,,,,,,,,,,,,,
2023-03-01 03:10:19.815000+00:00,,,,,,,,,,,,,,,,,,,
2023-03-01 03:10:24.815000+00:00,,,,,,,,,,,,,,,,,,,
2023-03-01 03:10:29.815000+00:00,,,,,,,,,,,,,,,,,,,
2023-03-01 03:10:34.815000+00:00,,,,,,,,,,,,,,,,,,,
2023-03-01 03:10:39.815000+00:00,,,,,,,,,,,,,,,,,,,
2023-03-01 03:10:44.815000+00:00,,,,,,,,,,,,,,,,,,,
2023-03-01 03:10:49.815000+00:00,,,,,,,,,,,,,,,,,,,
2023-03-01 03:10:54.815000+00:00,,,,,,,,,,,,,,,,,,,
2023-03-01 03:11:04.815000+00:00,,,,,,,,,,,,,,,,,,,
2023-03-01 03:11:09.815000+00:00,,,,,,,,,,,,,,,,,,,
2023-03-01 03:11:14.815000+00:00,,,,,,,,,,,,,,,,,,,
2023-03-01 03:11:19.815000+00:00,,,,,,,,,,,,,,,,,,,
2023-03-01 03:11:24.815000+00:00,,,,,,,,,,,,,,,,,,,
2023-03-01 03:11:29.815000+00:00,,,,,,,,,,,,,,,,,,,
2023-03-01 03:11:34.815000+00:00,,,,,,,,,,,,,,,,,,,
2023-03-01 03:11:39.815000+00:00,,,,,,,,,,,,,,,,,,,
2023-03-01 03:11:44.815000+00:00,,,,,,,,,,,,,,,,,,,
2023-03-01 03:11:49.815000+00:00,,,,,,,,,,,,,,,,,,,
2023-03-01 03:11:54.815000+00:00,,,,,,,,,,,,,,,,,,,
2023-03-01 03:12:04.815000+00:00,,,,,,,,,,,,,,,,,,,
2023-03-01 03:12:09.815000+00:00,,,,,,,,,,,,,,,,,,,
2023-03-01 03:12:14.815000+00:00,,,,,,,,,,,,,,,,,,,
2023-03-01 03:12:19.815000+00:00,,,,,,,,,,,,,,,,,,,
2023-03-01 03:12:24.815000+00:00,,,,,,,,,,,,,,,,,,,
2023-03-01 03:12:34.815000+00:00,,,,,,,,,,,,,,,,,,,
2023-03-01 03:12:39.815000+00:00,,,,,,,,,,,,,,,,,,,
2023-03-01 03:12:44.815000+00:00,,,,,,,,,,,,,,,,,,,
2023-03-01 03:12:49.815000+00:00,,,,,,,,,,,,,,,,,,,
2023-03-01 03:12:54.815000+00:00,,,,,,,,,,,,,,,,,,,
2023-03-01 03:13:04.815000+00:00,,,,,,,,,,,,,,,,,,,
2023-03-01 03:13:09.815000+00:00,,,,,,,,,,,,,,,,,,,
2023-03-01 03:13:14.815000+00:00,,,,,,,,,,,,,,,,,,,
2023-03-01 03:13:19.815000+00:00,,,,,,,,,,,,,,,,,,,
2023-03-01 03:13:24.815000+00:00,,,,,,,,,,,,,,,,,,,
2023-03-01 03:13:34.815000+00:00,,,,,,,,,,,,,,,,,,,
2023-03-01 03:13:39.815000+00:00,,,,,,,,,,,,,,,,,,,
2023-03-01 03:13:44.815000+00:00,,,,,,,,,,,,,,,,,,,
2023-03-01 03:13:49.815000+00:00,,,,,,,,,,,,,,,,,,,
2023-03-01 03:13:54.815000+00:00,,,,,,,,,,,,,,,,,,,
2023-03-01 03:14:04.815000+00:00,,,,,,,,,,,,,,,,,,,
2023-03-01 03:14:09.815000+00:00,,,,,,,,,,,,,,,,,,,
2023-03-01 03:14:14.815000+00:00,,,,,,,,,,,,,,,,,,,
2023-03-01 03:14:19.815000+00:00,,,,,,,,,,,,,,,,,,,
2023-03-01 03:14:24.815000+00:00,,,,,,,,,,,,,,,,,,,
2023-03-01 03:14:34.815000+00:00,,,,,,,,,,,,,,,,,,,
2023-03-01 03:14:39.815000+00:00,,,,,,,,,,,,,,,,,,,
2023-03-01 03:14:44.815000+00:00,,,,,,,,,,,,,,,,,,,
2023-03-01 03:14:49.815000+00:00,,,,,,,,,,,,,,,,,,,
2023-03-01 03:14:54.815000+00:00,,,,,,,,,,,,,,,,,,,
2023-03-01 03:15:04.815000+00:00,,,,,,,,,,,,,,,,,,,
2023-03-01 03:15:09.815000+00:00,,,,,,,,,,,,,,,,,,,
2023-03-01 03:15:14.815000+00:00,,,,,,,,,,,,,,,,,,,
2023-03-01 03:15:19.815000+00:00,,,,,,,,,,,,,,,,,,,
2023-03-01 03:15:24.815000+00:00,,,,,,,,,,,,,,,,,,,
2023-03-01 03:15:34.815000+00:00,,,,,,,,,,,,,,,,,,,
2023-03-01 03:15:39.815000+00:00,,,,,,,,,,,,,,,,,,,
2023-03-01 03:15:44.815000+00:00,,,,,,,,,,,,,,,,,,,
2023-03-01 03:15:49.815000+00:00,,,,,,,,,,,,,,,,,,,
2023-03-01 03:15:54.815000+00:00,,,,,,,,,,,,,,,,,,,
2023-03-01 03:16:04.815000+00:00,,,,,,,,,,,,,,,,,,,
2023-03-01 03:16:09.815000+00:00,,,,,,,,,,,,,,,,,,,
2023-03-01 03:16:14.815000+00:00,,,,,,,,,,,,,,,,,,,
2023-03-01 03:16:19.815000+00:00,,,,,,,,,,,,,,,,,,,
2023-03-01 03:16:24.815000+00:00,,,,,,,,,,,,,,,,,,,
2023-03-01 03:16:34.815000+00:00,,,,,,,,,,,,,,,,,,,
2023-03-01 03:16:39.815000+00:00,,,,,,,,,,,,,,,,,,,
2023-03-01 03:16:44.815000+00:00,,,,,,,,,,,,,,,,,,,
2023-03-01 03:16:49.815000+00:00,,,,,,,,,,,,,,,,,,,
2023-03-01 03:16:54.815000+00:00,,,,,,,,,,,,,,,,,,,
2023-03-01 03:17:04.815000+00:00,,,,,,,,,,,,,,,,,,,
2023-03-01 03:17:09.815000+00:00,,,,,,,,,,,,,,,,,,,
2023-03-01 03:17:14.815000+00:00,,,,,,,,,,,,,,,,,,,
2023-03-01 03:17:19.815000+00:00,,,,,,,,,,,,,,,,,,,
2023-03-01 03:17:24.815000+00:00,,,,,,,,,,,,,,,,,,,
2023-03-01 03:17:34.815000+00:00,,,,,,,,,,,,,,,,,,,
2023-03-01 03:17:39.815000+00:00,,,,,,,,,,,,,,,,,,,
2023-03-01 03:17:44.815000+00:00,,,,,,,,,,,,,,,,,,,
2023-03-01 03:17:49.815000+00:00,,,,,,,,,,,,,,,,,,,
2023-03-01 03:17:54.815000+00:00,,,,,,,,,,,,,,,,,,,
2023-03-01 03:18:04.815000+00:00,,,,,,,,,,,,,,,,,,,
2023-03-01 03:18:09.815000+00:00,,,,,,,,,,,,,,,,,,,
2023-03-01 03:18:14.815000+00:00,,,,,,,,,,,,,,,,,,,
2023-03-01 03:18:19.815000+00:00,,,,,,,,,,,,,,,,,,,
2023-03-01 03:18:24.815000+00:00,,,,,,,,,,,,,,,,,,,
2023-03-01 03:18:34.815000+00:00,,,,,,,,,,,,,,,,,,,
2023-03-01 03:18:39.815000+00:00,,,,,,,,,,,,,,,,,,,
2023-03-01 03:18:44.815000+00:00,,,,,,,,,,,,,,,,,,,
2023-03-01 03:18:49.815000+00:00,,,,,,,,,,,,,,,,,,,
2023-03-01 03:18:54.815000+00:00,,,,,,,,,,,,,,,,,,,
2023-03-01 03:19:04.815000+00:00,,,,,,,,,,,,,,,,,,,
2023-03-01 03:19:09.815000+00:00,,,,,,,,,,,,,,,,,,,
2023-03-01 03:19:14.815000+00:00,,,,,,,,,,,,,,,,,,,
2023-03-01 03:19:19.815000+00:00,,,,,,,,,,,,,,,,,,,
2023-03-01 03:19:24.815000+00:00,,,,,,,,,,,,,,,,,,,
2023-03-01 03:19:34.815000+00:00,,,,,,,,,,,,,,,,,,,
2023-03-01 03:19:39.815000+00:00,,,,,,,,,,,,,,,,,,,
2023-03-01 03:19:44.815000+00:00,,,,,,,,,,,,,,,,,,,
2023-03-01 03:19:49.815000+00:00,,,,,,,,,,,,,,,,,,,
2023-03-01 03:19:54.815000+00:00,,,,,,,,,,,,,,,,,,,
2023-03-01 03:20:04.815000+00:00,,,,,,,,,,,,,,,,,,,
2023-03-01 03:20:09.815000+00:00,,,,,,,,,,,,,,,,,,,
2023-03-01 03:20:14.815000+00:00,,,,,,,,,,,,,,,,,,,
2023-03-01 03:20:19.815000+00:00,,,,,,,,,,,,,,,,,,,
2023-03-01 03:20:24.815000+00:00,,,,,,,,,,,,,,,,,,,
2023-03-01 03:20:34.815000+00:00,,,,,,,,,,,,,,,,,,,
2023-03-01 03:20:39.815000+00:00,,,,,,,,,,,,,,,,,,,
2023-03-01 03:20:44.815000+00:00,,,,,,,,,,,,,,,,,,,
2023-03-01 03:20:49.815000+00:00,,,,,,,,,,,,,,,,,,,
2023-03-01 03:20:54.815000+00:00,,,,,,,,,,,,,,,,,,,
2023-03-01 03:21:04.815000+00:00,,,,,,,,,,,,,,,,,,,
2023-03-01 03:21:09.815000+00:00,,,,,,,,,,,,,,,,,,,
2023-03-01 03:21:14.815000+00:00,,,,,,,,,,,,,,,,,,,
2023-03-01 03:21:19.815000+00:00,,,,,,,,,,,,,,,,,,,
2023-03-01 03:21:24.815000+00:00,,,,,,,,,,,,,,,,,,,
2023-03-01 03:21:34.815000+00:00,,,,,,,,,,,,,,,,,,,
2023-03-01 03:21:39.815000+00:00,,,,,,,,,,,,,,,,,,,
2023-03-01 03:21:44.815000+00:00,,,,,,,,,,,,,,,,,,,
2023-03-01 03:21:49.815000+00:00,,,,,,,,,,,,,,,,,,,
2023-03-01 03:21:54.815000+00:00,,,,,,,,,,,,,,,,,,,
2023-03-01 03:22:04.815000+00:00,,,,,,,,,,,,,,,,,,,
2023-03-01 03:22:09.815000+00:00,,,,,,,,,,,,,,,,,,,
2023-03-01 03:22:14.815000+00:00,,,,,,,,,,,,,,,,,,,
2023-03-01 03:22:19.815000+00:00,,,,,,,,,,,,,,,,,,,
2023-03-01 03:22:24.815000+00:00,,,,,,,,,,,,,,,,,,,
2023-03-01 03:22:34.815000+00:00,,,,,,,,,,,,,,,,,,,
2023-03-01 03:22:39.815000+00:00,,,,,,,,,,,,,,,,,,,
2023-03-01 03:22:44.815000+00:00,,,,,,,,,,,,,,,,,,,
2023-03-01 03:22:49.815000+00:00,,,,,,,,,,,,,,,,,,,
2023-03-01 03:22:54.815000+00:00,,,,,,,,,,,,,,,,,,,
2023-03-01 03:23:04.815000+00:00,,,,,,,,,,,,,,,,,,,
2023-03-01 03:23:09.815000+00:00,,,,,,,,,,,,,,,,,,,
2023-03-01 03:23:14.815000+00:00,,,,,,,,,,,,,,,,,,,
2023-03-01 03:23:19.815000+00:00,,,,,,,,,,,,,,,,,,,
2023-03-01 03:23:24.815000+00:00,,,,,,,,,,,,,,,,,,,
2023-03-01 03:23:34.815000+00:00,,,,,,,,,,,,,,,,,,,
2023-03-01 03:23:39.815000+00:00,,,,,,,,,,,,,,,,,,,
2023-03-01 03:23:44.815000+00:00,,,,,,,,,,,,,,,,,,,
2023-03-01 03:23:49.815000+00:00,,,,,,,,,,,,,,,,,,,
2023-03-01 03:23:54.815000+00:00,,,,,,,,,,,,,,,,,,,
2023-03-01 03:24:04.815000+00:00,,,,,,,,,,,,,,,,,,,
2023-03-01 03:24:09.815000+00:00,,,,,,,,,,,,,,,,,,,
2023-03-01 03:24:14.815000+00:00,,,,,,,,,,,,,,,,,,,
2023-03-01 03:24:19.815000+00:00,,,,,,,,,,,,,,,,,,,
2023-03-01 03:24:24.815000+00:00,,,,,,,,,,,,,,,,,,,
2023-03-01 03:24:34.815000+00:00,,,,,,,,,,,,,,,,,,,
2023-03-01 03:24:39.815000+00:00,,,,,,,,,,,,,,,,,,,
2023-03-01 03:24:44.815000+00:00,,,,,,,,,,,,,,,,,,,
2023-03-01 03:24:49.815000+00:00,,,,,,,,,,,,,,,,,,,
2023-03-01 03:24:54.815000+00:00,,,,,,,,,,,,,,,,,,,
2023-03-01 03:25:04.815000+00:00,,,,,,,,,,,,,,,,,,,
2023-03-01 03:25:09.815000+00:00,,,,,,,,,,,,,,,,,,,
2023-03-01 03:25:14.815000+00:00,,,,,,,,,,,,,,,,,,,
2023-03-01 03:25:19.815000+00:00,,,,,,,,,,,,,,,,,,,
2023-03-01 03:25:24.815000+00:00,,,,,,,,,,,,,,,,,,,
2023-03-01 03:25:34.815000+00:00,,,,,,,,,,,,,,,,,,,
2023-03-01 03:25:39.815000+00:00,,,,,,,,,,,,,,,,,,,
2023-03-01 03:25:44.815000+00:00,,,,,,,,,,,,,,,,,,,
2023-03-01 03:25:49.815000+00:00,,,,,,,,,,,,,,,,,,,
2023-03-01 03:25:54.815000+00:00,,,,,,,,,,,,,,,,,,,
2023-03-01 03:26:04.815000+00:00,,,,,,,,,,,,,,,,,,,
2023-03-01 03:26:09.815000+00:00,,,,,,,,,,,,,,,,,,,
2023-03-01 03:26:14.815000+00:00,,,,,,,,,,,,,,,,,,,
2023-03-01 03:26:19.815000+00:00,,,,,,,,,,,,,,,,,,,
2023-03-01 03:26:24.815000+00:00,,,,,,,,,,,,,,,,,,,
2023-03-01 03:26:34.815000+00:00,,,,,,,,,,,,,,,,,,,
2023-03-01 03:26:39.815000+00:00,,,,,,,,,,,,,,,,,,,
2023-03-01 03:26:44.815000+00:00,,,,,,,,,,,,,,,,,,,
2023-03-01 03:26:49.815000+00:00,,,,,,,,,,,,,,,,,,,
2023-03-01 03:26:54.815000+00:00,,,,,,,,,,,,,,,,,,,
2023-03-01 03:27:04.815000+00:00,,,,,,,,,,,,,,,,,,,
2023-03-01 03:27:09.815000+00:00,,,,,,,,,,,,,,,,,,,
2023-03-01 03:27:14.815000+00:00,,,,,,,,,,,,,,,,,,,
2023-03-01 03:27:19.815000+00:00,,,,,,,,,,,,,,,,,,,
2023-03-01 03:27:24.815000+00:00,,,,,,,,,,,,,,,,,,,
2023-03-01 03:27:29.815000+00:00,,,,,,,,,,,,,,,,,,,
2023-03-01 03:27:34.815000+00:00,,,,,,,,,,,,,,,,,,,
2023-03-01 03:27:39.815000+00:00,,,,,,,,,,,,,,,,,,,
2023-03-01 03:27:44.815000+00:00,,,,,,,,,,,,,,,,,,,
2023-03-01 03:27:49.815000+00:00,,,,,,,,,,,,,,,,,,,
2023-03-01 03:27:54.815000+00:00,,,,,,,,,,,,,,,,,,,
2023-03-01 03:28:04.815000+00:00,,,,,,,,,,,,,,,,,,,
2023-03-01 03:28:09.815000+00:00,,,,,,,,,,,,,,,,,,,
2023-03-01 03:28:14.815000+00:00,,,,,,,,,,,,,,,,,,,
2023-03-01 03:28:19.815000+00:00,,,,,,,,,,,,,,,,,,,
2023-03-01 03:28:24.815000+00:00,,,,,,,,,,,,,,,,,,,
2023-03-01 03:28:34.815000+00:00,,,,,,,,,,,,,,,,,,,
2023-03-01 03:28:39.815000+00:00,,,,,,,,,,,,,,,,,,,
2023-03-01 03:28:44.815000+00:00,,,,,,,,,,,,,,,,,,,
2023-03-01 03:28:49.815000+00:00,,,,,,,,,,,,,,,,,,,
2023-03-01 03:28:54.815000+00:00,,,,,,,,,,,,,,,,,,,
2023-03-01 03:28:59.815000+00:00,,,,,,,,,,,,,,,,,,,
2023-03-01 03:29:04.815000+00:00,,,,,,,,,,,,,,,,,,,
2023-03-01 03:29:09.815000+00:00,,,,,,,,,,,,,,,,,,,
2023-03-01 03:29:14.815000+00:00,,,,,,,,,,,,,,,,,,,
2023-03-01 03:29:19.815000+00:00,,,,,,,,,,,,,,,,,,,
2023-03-01 03:29:24.815000+00:00,,,,,,,,,,,,,,,,,,,
2023-03-01 03:29:34.815000+00:00,,,,,,,,,,,,,,,,,,,
2023-03-01 03:29:39.815000+00:00,,,,,,,,,,,,,,,,,,,
2023-03-01 03:29:44.815000+00:00,,,,,,,,,,,,,,,,,,,
2023-03-01 03:29:49.815000+00:00,,,,,,,,,,,,,,,,,,,
2023-03-01 03:29:54.815000+00:00,,,,,,,,,,,,,,,,,,,
2023-03-01 03:30:04.815000+00:00,,,,,,,,,,,,,,,,,,,
2023-03-01 03:30:09.815000+00:00,,,,,,,,,,,,,,,,,,,
2023-03-01 03:30:14.815000+00:00,,,,,,,,,,,,,,,,,,,
2023-03-01 03:30:19.815000+00:00,,,,,,,,,,,,,,,,,,,
2023-03-01 03:30:24.815000+00:00,,,,,,,,,,,,,,,,,,,
2023-03-01 03:30:34.815000+00:00,,,,,,,,,,,,,,,,,,,
2023-03-01 03:30:39.815000+00:00,,,,,,,,,,,,,,,,,,,
2023-03-01 03:30:44.815000+00:00,,,,,,,,,,,,,,,,,,,
2023-03-01 03:30:49.815000+00:00,,,,,,,,,,,,,,,,,,,
2023-03-01 03:30:54.815000+00:00,,,,,,,,,,,,,,,,,,,
2023-03-01 03:31:04.815000+00:00,,,,,,,,,,,,,,,,,,,
2023-03-01 03:31:09.815000+00:00,,,,,,,,,,,,,,,,,,,
2023-03-01 03:31:14.815000+00:00,,,,,,,,,,,,,,,,,,,
2023-03-01 03:31:19.815000+00:00,,,,,,,,,,,,,,,,,,,
2023-03-01 03:31:24.815000+00:00,,,,,,,,,,,,,,,,,,,
2023-03-01 03:31:34.815000+00:00,,,,,,,,,,,,,,,,,,,
2023-03-01 03:31:39.815000+00:00,,,,,,,,,,,,,,,,,,,
2023-03-01 03:31:44.815000+00:00,,,,,,,,,,,,,,,,,,,
2023-03-01 03:31:49.815000+00:00,,,,,,,,,,,,,,,,,,,
2023-03-01 03:31:54.815000+00:00,,,,,,,,,,,,,,,,,,,
2023-03-01 03:32:04.815000+00:00,,,,,,,,,,,,,,,,,,,
2023-03-01 03:32:09.815000+00:00,,,,,,,,,,,,,,,,,,,
2023-03-01 03:32:14.815000+00:00,,,,,,,,,,,,,,,,,,,
2023-03-01 03:32:19.815000+00:00,,,,,,,,,,,,,,,,,,,
2023-03-01 03:32:24.815000+00:00,,,,,,,,,,,,,,,,,,,
2023-03-01 03:32:34.815000+00:00,,,,,,,,,,,,,,,,,,,
2023-03-01 03:32:39.815000+00:00,,,,,,,,,,,,,,,,,,,
2023-03-01 03:32:44.815000+00:00,,,,,,,,,,,,,,,,,,,
2023-03-01 03:32:49.815000+00:00,,,,,,,,,,,,,,,,,,,
2023-03-01 03:32:54.815000+00:00,,,,,,,,,,,,,,,,,,,
2023-03-01 03:33:04.815000+00:00,,,,,,,,,,,,,,,,,,,
2023-03-01 03:33:09.815000+00:00,,,,,,,,,,,,,,,,,,,
2023-03-01 03:33:14.815000+00:00,,,,,,,,,,,,,,,,,,,
2023-03-01 03:33:19.815000+00:00,,,,,,,,,,,,,,,,,,,
2023-03-01 03:33:24.815000+00:00,,,,,,,,,,,,,,,,,,,
2023-03-01 03:33:34.815000+00:00,,,,,,,,,,,,,,,,,,,
2023-03-01 03:33:39.815000+00:00,,,,,,,,,,,,,,,,,,,
2023-03-01 03:33:44.815000+00:00,,,,,,,,,,,,,,,,,,,
2023-03-01 03:33:49.815000+00:00,,,,,,,,,,,,,,,,,,,
2023-03-01 03:33:54.815000+00:00,,,,,,,,,,,,,,,,,,,
2023-03-01 03:34:04.815000+00:00,,,,,,,,,,,,,,,,,,,
2023-03-01 03:34:09.815000+00:00,,,,,,,,,,,,,,,,,,,
2023-03-01 03:34:14.815000+00:00,,,,,,,,,,,,,,,,,,,
2023-03-01 03:34:19.815000+00:00,,,,,,,,,,,,,,,,,,,
2023-03-01 03:34:24.815000+00:00,,,,,,,,,,,,,,,,,,,
2023-03-01 03:34:34.815000+00:00,,,,,,,,,,,,,,,,,,,
2023-03-01 03:34:39.815000+00:00,,,,,,,,,,,,,,,,,,,
2023-03-01 03:34:44.815000+00:00,,,,,,,,,,,,,,,,,,,
2023-03-01 03:34:49.815000+00:00,,,,,,,,,,,,,,,,,,,
2023-03-01 03:34:54.815000+00:00,,,,,,,,,,,,,,,,,,,
2023-03-01 03:35:04.815000+00:00,,,,,,,,,,,,,,,,,,,
2023-03-01 03:35:09.815000+00:00,,,,,,,,,,,,,,,,,,,
2023-03-01 03:35:14.815000+00:00,,,,,,,,,,,,,,,,,,,
2023-03-01 03:35:19.815000+00:00,,,,,,,,,,,,,,,,,,,
2023-03-01 03:35:24.815000+00:00,,,,,,,,,,,,,,,,,,,
2023-03-01 03:35:34.815000+00:00,,,,,,,,,,,,,,,,,,,
2023-03-01 03:35:39.815000+00:00,,,,,,,,,,,,,,,,,,,
2023-03-01 03:35:44.815000+00:00,,,,,,,,,,,,,,,,,,,
2023-03-01 03:35:49.815000+00:00,,,,,,,,,,,,,,,,,,,
2023-03-01 03:35:54.815000+00:00,,,,,,,,,,,,,,,,,,,
2023-03-01 03:36:04.815000+00:00,,,,,,,,,,,,,,,,,,,
2023-03-01 03:36:09.815000+00:00,,,,,,,,,,,,,,,,,,,
2023-03-01 03:36:14.815000+00:00,,,,,,,,,,,,,,,,,,,
2023-03-01 03:36:19.815000+00:00,,,,,,,,,,,,,,,,,,,
2023-03-01 03:36:24.815000+00:00,,,,,,,,,,,,,,,,,,,
2023-03-01 03:36:34.815000+00:00,,,,,,,,,,,,,,,,,,,
2023-03-01 03:36:39.815000+00:00,,,,,,,,,,,,,,,,,,,
2023-03-01 03:36:44.815000+00:00,,,,,,,,,,,,,,,,,,,
2023-03-01 03:36:49.815000+00:00,,,,,,,,,,,,,,,,,,,
2023-03-01 03:36:54.815000+00:00,,,,,,,,,,,,,,,,,,,
2023-03-01 03:37:04.815000+00:00,,,,,,,,,,,,,,,,,,,
2023-03-01 03:37:09.815000+00:00,,,,,,,,,,,,,,,,,,,
2023-03-01 03:37:14.815000+00:00,,,,,,,,,,,,,,,,,,,
2023-03-01 03:37:19.815000+00:00,,,,,,,,,,,,,,,,,,,
2023-03-01 03:37:24.815000+00:00,,,,,,,,,,,,,,,,,,,
2023-03-01 03:37:34.815000+00:00,,,,,,,,,,,,,,,,,,,
2023-03-01 03:37:39.815000+00:00,,,,,,,,,,,,,,,,,,,
2023-03-01 03:37:44.815000+00:00,,,,,,,,,,,,,,,,,,,
2023-03-01 03:37:49.815000+00:00,,,,,,,,,,,,,,,,,,,
2023-03-01 03:37:54.815000+00:00,,,,,,,,,,,,,,,,,,,
2023-03-01 03:38:04.815000+00:00,,,,,,,,,,,,,,,,,,,
2023-03-01 03:38:09.815000+00:00,,,,,,,,,,,,,,,,,,,
2023-03-01 03:38:14.815000+00:00,,,,,,,,,,,,,,,,,,,
2023-03-01 03:38:19.815000+00:00,,,,,,,,,,,,,,,,,,,
2023-03-01 03:38:24.815000+00:00,,,,,,,,,,,,,,,,,,,
2023-03-01 03:38:34.815000+00:00,,,,,,,,,,,,,,,,,,,
2023-03-01 03:38:39.815000+00:00,,,,,,,,,,,,,,,,,,,
2023-03-01 03:38:44.815000+00:00,,,,,,,,,,,,,,,,,,,
2023-03-01 03:38:49.815000+00:00,,,,,,,,,,,,,,,,,,,
2023-03-01 03:38:54.815000+00:00,,,,,,,,,,,,,,,,,,,
2023-03-01 03:38:59.815000+00:00,,,,,,,,,,,,,,,,,,,
2023-03-01 03:39:04.815000+00:00,,,,,,,,,,,,,,,,,,,
2023-03-01 03:39:09.815000+00:00,,,,,,,,,,,,,,,,,,,
2023-03-01 03:39:14.815000+00:00,,,,,,,,,,,,,,,,,,,
2023-03-01 03:39:19.815000+00:00,,,,,,,,,,,,,,,,,,,
2023-03-01 03:39:24.815000+00:00,,,,,,,,,,,,,,,,,,,
2023-03-01 03:39:34.815000+00:00,,,,,,,,,,,,,,,,,,,
2023-03-01 03:39:39.815000+00:00,,,,,,,,,,,,,,,,,,,
2023-03-01 03:39:44.815000+00:00,,,,,,,,,,,,,,,,,,,
2023-03-01 03:39:49.815000+00:00,,,,,,,,,,,,,,,,,,,
2023-03-01 03:39:54.815000+00:00,,,,,,,,,,,,,,,,,,,
2023-03-01 03:40:04.815000+00:00,,,,,,,,,,,,,,,,,,,
2023-03-01 03:40:09.815000+00:00,,,,,,,,,,,,,,,,,,,
2023-03-01 03:40:14.815000+00:00,,,,,,,,,,,,,,,,,,,
2023-03-01 03:40:19.815000+00:00,,,,,,,,,,,,,,,,,,,
2023-03-01 03:40:24.815000+00:00,,,,,,,,,,,,,,,,,,,
2023-03-01 03:40:34.815000+00:00,,,,,,,,,,,,,,,,,,,
2023-03-01 03:40:39.815000+00:00,,,,,,,,,,,,,,,,,,,
2023-03-01 03:40:44.815000+00:00,,,,,,,,,,,,,,,,,,,
2023-03-01 03:40:49.815000+00:00,,,,,,,,,,,,,,,,,,,
2023-03-01 03:40:54.815000+00:00,,,,,,,,,,,,,,,,,,,
2023-03-01 03:40:59.815000+00:00,,,,,,,,,,,,,,,,,,,
2023-03-01 03:41:04.815000+00:00,,,,,,,,,,,,,,,,,,,
2023-03-01 03:41:09.815000+00:00,,,,,,,,,,,,,,,,,,,
2023-03-01 03:41:14.815000+00:00,,,,,,,,,,,,,,,,,,,
2023-03-01 03:41:19.815000+00:00,,,,,,,,,,,,,,,,,,,
2023-03-01 03:41:24.815000+00:00,,,,,,,,,,,,,,,,,,,
2023-03-01 03:41:34.815000+00:00,,,,,,,,,,,,,,,,,,,
2023-03-01 03:41:39.815000+00:00,,,,,,,,,,,,,,,,,,,
2023-03-01 03:41:44.815000+00:00,,,,,,,,,,,,,,,,,,,
2023-03-01 03:41:49.815000+00:00,,,,,,,,,,,,,,,,,,,
2023-03-01 03:41:54.815000+00:00,,,,,,,,,,,,,,,,,,,
2023-03-01 03:41:59.815000+00:00,,,,,,,,,,,,,,,,,,,
2023-03-01 03:42:04.815000+00:00,,,,,,,,,,,,,,,,,,,
2023-03-01 03:42:09.815000+00:00,,,,,,,,,,,,,,,,,,,
2023-03-01 03:42:14.815000+00:00,,,,,,,,,,,,,,,,,,,
2023-03-01 03:42:19.815000+00:00,,,,,,,,,,,,,,,,,,,
2023-03-01 03:42:24.815000+00:00,,,,,,,,,,,,,,,,,,,
2023-03-01 03:42:29.815000+00:00,,,,,,,,,,,,,,,,,,,
2023-03-01 03:42:34.815000+00:00,,,,,,,,,,,,,,,,,,,
2023-03-01 03:42:39.815000+00:00,,,,,,,,,,,,,,,,,,,
2023-03-01 03:42:44.815000+00:00,,,,,,,,,,,,,,,,,,,
2023-03-01 03:42:49.815000+00:00,,,,,,,,,,,,,,,,,,,
2023-03-01 03:42:54.815000+00:00,,,,,,,,,,,,,,,,,,,
2023-03-01 03:42:59.815000+00:00,,,,,,,,,,,,,,,,,,,
2023-03-01 03:43:04.815000+00:00,,,,,,,,,,,,,,,,,,,
2023-03-01 03:43:09.815000+00:00,,,,,,,,,,,,,,,,,,,
2023-03-01 03:43:14.815000+00:00,,,,,,,,,,,,,,,,,,,
2023-03-01 03:43:19.815000+00:00,,,,,,,,,,,,,,,,,,,
2023-03-01 03:43:24.815000+00:00,,,,,,,,,,,,,,,,,,,
2023-03-01 03:43:29.815000+00:00,,,,,,,,,,,,,,,,,,,
2023-03-01 03:43:34.815000+00:00,,,,,,,,,,,,,,,,,,,
2023-03-01 03:43:39.815000+00:00,,,,,,,,,,,,,,,,,,,
2023-03-01 03:43:44.815000+00:00,,,,,,,,,,,,,,,,,,,
2023-03-01 03:43:49.815000+00:00,,,,,,,,,,,,,,,,,,,
2023-03-01 03:43:54.815000+00:00,,,,,,,,,,,,,,,,,,,
2023-03-01 03:43:59.815000+00:00,,,,,,,,,,,,,,,,,,,
2023-03-01 03:44:04.815000+00:00,,,,,,,,,,,,,,,,,,,
2023-03-01 03:44:09.815000+00:00,,,,,,,,,,,,,,,,,,,
2023-03-01 03:44:14.815000+00:00,,,,,,,,,,,,,,,,,,,
2023-03-01 03:44:19.815000+00:00,,,,,,,,,,,,,,,,,,,
2023-03-01 03:44:24.815000+00:00,,,,,,,,,,,,,,,,,,,
2023-03-01 03:44:29.815000+00:00,,,,,,,,,,,,,,,,,,,
2023-03-01 03:44:34.815000+00:00,,,,,,,,,,,,,,,,,,,
2023-03-01 03:44:39.815000+00:00,,,,,,,,,,,,,,,,,,,
2023-03-01 03:44:44.815000+00:00,,,,,,,,,,,,,,,,,,,
2023-03-01 03:44:49.815000+00:00,,,,,,,,,,,,,,,,,,,
2023-03-01 03:44:54.815000+00:00,,,,,,,,,,,,,,,,,,,
2023-03-01 03:44:59.815000+00:00,,,,,,,,,,,,,,,,,,,
2023-03-01 03:45:04.815000+00:00,,,,,,,,,,,,,,,,,,,
2023-03-01 03:45:09.815000+00:00,,,,,,,,,,,,,,,,,,,
2023-03-01 03:45:14.815000+00:00,,,,,,,,,,,,,,,,,,,
2023-03-01 03:45:19.815000+00:00,,,,,,,,,,,,,,,,,,,
2023-03-01 03:45:24.815000+00:00,,,,,,,,,,,,,,,,,,,
2023-03-01 03:45:29.815000+00:00,,,,,,,,,,,,,,,,,,,
2023-03-01 03:45:34.815000+00:00,,,,,,,,,,,,,,,,,,,
2023-03-01 03:45:39.815000+00:00,,,,,,,,,,,,,,,,,,,
2023-03-01 03:45:44.815000+00:00,,,,,,,,,,,,,,,,,,,
2023-03-01 03:45:49.815000+00:00,,,,,,,,,,,,,,,,,,,
2023-03-01 03:45:54.815000+00:00,,,,,,,,,,,,,,,,,,,
2023-03-01 03:46:04.815000+00:00,,,,,,,,,,,,,,,,,,,
2023-03-01 03:46:09.815000+00:00,,,,,,,,,,,,,,,,,,,
2023-03-01 03:46:14.815000+00:00,,,,,,,,,,,,,,,,,,,
2023-03-01 03:46:19.815000+00:00,,,,,,,,,,,,,,,,,,,
2023-03-01 03:46:24.815000+00:00,,,,,,,,,,,,,,,,,,,
2023-03-01 03:46:34.815000+00:00,,,,,,,,,,,,,,,,,,,
2023-03-01 03:46:39.815000+00:00,,,,,,,,,,,,,,,,,,,
2023-03-01 03:46:44.815000+00:00,,,,,,,,,,,,,,,,,,,
2023-03-01 03:46:49.815000+00:00,,,,,,,,,,,,,,,,,,,
2023-03-01 03:46:54.815000+00:00,,,,,,,,,,,,,,,,,,,
2023-03-01 03:47:04.815000+00:00,,,,,,,,,,,,,,,,,,,
2023-03-01 03:47:09.815000+00:00,,,,,,,,,,,,,,,,,,,
2023-03-01 03:47:14.815000+00:00,,,,,,,,,,,,,,,,,,,
2023-03-01 03:47:19.815000+00:00,,,,,,,,,,,,,,,,,,,
2023-03-01 03:47:24.815000+00:00,,,,,,,,,,,,,,,,,,,
2023-03-01 03:47:34.815000+00:00,,,,,,,,,,,,,,,,,,,
2023-03-01 03:47:39.815000+00:00,,,,,,,,,,,,,,,,,,,
2023-03-01 03:47:44.815000+00:00,,,,,,,,,,,,,,,,,,,
2023-03-01 03:47:49.815000+00:00,,,,,,,,,,,,,,,,,,,
2023-03-01 03:47:54.815000+00:00,,,,,,,,,,,,,,,,,,,
2023-03-01 03:48:04.815000+00:00,,,,,,,,,,,,,,,,,,,
2023-03-01 03:48:09.815000+00:00,,,,,,,,,,,,,,,,,,,
2023-03-01 03:48:14.815000+00:00,,,,,,,,,,,,,,,,,,,
2023-03-01 03:48:19.815000+00:00,,,,,,,,,,,,,,,,,,,
2023-03-01 03:48:24.815000+00:00,,,,,,,,,,,,,,,,,,,
2023-03-01 03:48:34.815000+00:00,,,,,,,,,,,,,,,,,,,
2023-03-01 03:48:39.815000+00:00,,,,,,,,,,,,,,,,,,,
2023-03-01 03:48:44.815000+00:00,,,,,,,,,,,,,,,,,,,
2023-03-01 03:48:49.815000+00:00,,,,,,,,,,,,,,,,,,,
2023-03-01 03:48:54.815000+00:00,,,,,,,,,,,,,,,,,,,
2023-03-01 03:49:04.815000+00:00,,,,,,,,,,,,,,,,,,,
2023-03-01 03:49:09.815000+00:00,,,,,,,,,,,,,,,,,,,
2023-03-01 03:49:14.815000+00:00,,,,,,,,,,,,,,,,,,,
2023-03-01 03:49:19.815000+00:00,,,,,,,,,,,,,,,,,,,
2023-03-01 03:49:24.815000+00:00,,,,,,,,,,,,,,,,,,,
2023-03-01 03:49:34.815000+00:00,,,,,,,,,,,,,,,,,,,
2023-03-01 03:49:39.815000+00:00,,,,,,,,,,,,,,,,,,,
2023-03-01 03:49:44.815000+00:00,,,,,,,,,,,,,,,,,,,
2023-03-01 03:49:49.815000+00:00,,,,,,,,,,,,,,,,,,,
2023-03-01 03:49:54.815000+00:00,,,,,,,,,,,,,,,,,,,
2023-03-01 03:50:04.815000+00:00,,,,,,,,,,,,,,,,,,,
2023-03-01 03:50:09.815000+00:00,,,,,,,,,,,,,,,,,,,
2023-03-01 03:50:14.815000+00:00,,,,,,,,,,,,,,,,,,,
2023-03-01 03:50:19.815000+00:00,,,,,,,,,,,,,,,,,,,
2023-03-01 03:50:24.815000+00:00,,,,,,,,,,,,,,,,,,,
2023-03-01 03:50:34.815000+00:00,,,,,,,,,,,,,,,,,,,
2023-03-01 03:50:39.815000+00:00,,,,,,,,,,,,,,,,,,,
2023-03-01 03:50:44.815000+00:00,,,,,,,,,,,,,,,,,,,
2023-03-01 03:50:49.815000+00:00,,,,,,,,,,,,,,,,,,,
2023-03-01 03:50:54.815000+00:00,,,,,,,,,,,,,,,,,,,
2023-03-01 03:51:04.815000+00:00,,,,,,,,,,,,,,,,,,,
2023-03-01 03:51:09.815000+00:00,,,,,,,,,,,,,,,,,,,
2023-03-01 03:51:14.815000+00:00,,,,,,,,,,,,,,,,,,,
2023-03-01 03:51:19.815000+00:00,,,,,,,,,,,,,,,,,,,
2023-03-01 02:22:59.815000+00:00,,,,,,,,,,,,,,,,,,,
2023-03-01 02:24:29.815000+00:00,,,,,,,,,,,,,,,,,,,
2023-03-01 02:26:29.815000+00:00,,,,,,,,,,,,,,,,,,,
2023-03-01 02:31:29.815000+00:00,,,,,,,,,,,,,,,,,,,
2023-03-01 02:33:59.815000+00:00,,,,,,,,,,,,,,,,,,,
2023-03-01 02:38:29.815000+00:00,,,,,,,,,,,,,,,,,,,
2023-03-01 02:41:29.815000+00:00,,,,,,,,,,,,,,,,,,,
2023-03-01 02:44:59.815000+00:00,,,,,,,,,,,,,,,,,,,
2023-03-01 02:45:29.815000+00:00,,,,,,,,,,,,,,,,,,,
2023-03-01 02:51:59.815000+00:00,,,,,,,,,,,,,,,,,,,
2023-03-01 02:57:29.815000+00:00,,,,,,,,,,,,,,,,,,,
2023-03-01 02:57:59.815000+00:00,,,,,,,,,,,,,,,,,,,
2023-03-01 03:10:59.815000+00:00,,,,,,,,,,,,,,,,,,,
2023-03-01 03:11:59.815000+00:00,,,,,,,,,,,,,,,,,,,
2023-03-01 03:12:29.815000+00:00,,,,,,,,,,,,,,,,,,,
2023-03-01 03:12:59.815000+00:00,,,,,,,,,,,,,,,,,,,
2023-03-01 03:13:29.815000+00:00,,,,,,,,,,,,,,,,,,,
2023-03-01 03:13:59.815000+00:00,,,,,,,,,,,,,,,,,,,
2023-03-01 03:14:29.815000+00:00,,,,,,,,,,,,,,,,,,,
2023-03-01 03:14:59.815000+00:00,,,,,,,,,,,,,,,,,,,
2023-03-01 03:15:29.815000+00:00,,,,,,,,,,,,,,,,,,,
2023-03-01 03:17:29.815000+00:00,,,,,,,,,,,,,,,,,,,
2023-03-01 03:24:59.815000+00:00,,,,,,,,,,,,,,,,,,,
2023-03-01 03:26:29.815000+00:00,,,,,,,,,,,,,,,,,,,
2023-03-01 03:26:59.815000+00:00,,,,,,,,,,,,,,,,,,,
2023-03-01 03:27:59.815000+00:00,,,,,,,,,,,,,,,,,,,
2023-03-01 03:29:29.815000+00:00,,,,,,,,,,,,,,,,,,,
2023-03-01 03:29:59.815000+00:00,,,,,,,,,,,,,,,,,,,
2023-03-01 03:31:29.815000+00:00,,,,,,,,,,,,,,,,,,,
2023-03-01 03:32:29.815000+00:00,,,,,,,,,,,,,,,,,,,
2023-03-01 03:32:59.815000+00:00,,,,,,,,,,,,,,,,,,,
2023-03-01 03:33:29.815000+00:00,,,,,,,,,,,,,,,,,,,
2023-03-01 03:33:59.815000+00:00,,,,,,,,,,,,,,,,,,,
2023-03-01 03:34:29.815000+00:00,,,,,,,,,,,,,,,,,,,
2023-03-01 03:34:59.815000+00:00,,,,,,,,,,,,,,,,,,,
2023-03-01 03:35:29.815000+00:00,,,,,,,,,,,,,,,,,,,
2023-03-01 03:35:59.815000+00:00,,,,,,,,,,,,,,,,,,,
2023-03-01 03:36:29.815000+00:00,,,,,,,,,,,,,,,,,,,
2023-03-01 03:36:59.815000+00:00,,,,,,,,,,,,,,,,,,,
2023-03-01 03:37:29.815000+00:00,,,,,,,,,,,,,,,,,,,
2023-03-01 03:37:59.815000+00:00,,,,,,,,,,,,,,,,,,,
2023-03-01 03:38:29.815000+00:00,,,,,,,,,,,,,,,,,,,
2023-03-01 03:39:29.815000+00:00,,,,,,,,,,,,,,,,,,,
2023-03-01 03:39:59.815000+00:00,,,,,,,,,,,,,,,,,,,
2023-03-01 03:40:29.815000+00:00,,,,,,,,,,,,,,,,,,,
2023-03-01 03:41:29.815000+00:00,,,,,,,,,,,,,,,,,,,
2023-03-01 02:24:59.815000+00:00,,,,,,,,,,,,,,,,,,,
2023-03-01 02:27:29.815000+00:00,,,,,,,,,,,,,,,,,,,
2023-03-01 02:28:29.815000+00:00,,,,,,,,,,,,,,,,,,,
2023-03-01 02:29:29.815000+00:00,,,,,,,,,,,,,,,,,,,
2023-03-01 02:30:29.815000+00:00,,,,,,,,,,,,,,,,,,,
2023-03-01 02:32:59.815000+00:00,,,,,,,,,,,,,,,,,,,
2023-03-01 02:35:29.815000+00:00,,,,,,,,,,,,,,,,,,,
2023-03-01 02:38:59.815000+00:00,,,,,,,,,,,,,,,,,,,
2023-03-01 02:41:59.815000+00:00,,,,,,,,,,,,,,,,,,,
2023-03-01 02:45:59.815000+00:00,,,,,,,,,,,,,,,,,,,
2023-03-01 02:46:29.815000+00:00,,,,,,,,,,,,,,,,,,,
2023-03-01 02:46:59.815000+00:00,,,,,,,,,,,,,,,,,,,
2023-03-01 02:51:29.815000+00:00,,,,,,,,,,,,,,,,,,,
2023-03-01 02:52:29.815000+00:00,,,,,,,,,,,,,,,,,,,
2023-03-01 02:58:29.815000+00:00,,,,,,,,,,,,,,,,,,,
2023-03-01 02:58:59.815000+00:00,,,,,,,,,,,,,,,,,,,
2023-03-01 02:59:29.815000+00:00,,,,,,,,,,,,,,,,,,,
2023-03-01 03:15:59.815000+00:00,,,,,,,,,,,,,,,,,,,
2023-03-01 03:16:29.815000+00:00,,,,,,,,,,,,,,,,,,,
2023-03-01 03:16:59.815000+00:00,,,,,,,,,,,,,,,,,,,
2023-03-01 03:17:59.815000+00:00,,,,,,,,,,,,,,,,,,,
2023-03-01 03:18:29.815000+00:00,,,,,,,,,,,,,,,,,,,
2023-03-01 03:18:59.815000+00:00,,,,,,,,,,,,,,,,,,,
2023-03-01 03:19:29.815000+00:00,,,,,,,,,,,,,,,,,,,
2023-03-01 03:19:59.815000+00:00,,,,,,,,,,,,,,,,,,,
2023-03-01 03:20:29.815000+00:00,,,,,,,,,,,,,,,,,,,
2023-03-01 03:20:59.815000+00:00,,,,,,,,,,,,,,,,,,,
2023-03-01 03:21:29.815000+00:00,,,,,,,,,,,,,,,,,,,
2023-03-01 03:21:59.815000+00:00,,,,,,,,,,,,,,,,,,,
2023-03-01 03:22:29.815000+00:00,,,,,,,,,,,,,,,,,,,
2023-03-01 03:22:59.815000+00:00,,,,,,,,,,,,,,,,,,,
2023-03-01 03:23:29.815000+00:00,,,,,,,,,,,,,,,,,,,
2023-03-01 03:23:59.815000+00:00,,,,,,,,,,,,,,,,,,,
2023-03-01 03:24:29.815000+00:00,,,,,,,,,,,,,,,,,,,
2023-03-01 03:25:29.815000+00:00,,,,,,,,,,,,,,,,,,,
2023-03-01 03:25:59.815000+00:00,,,,,,,,,,,,,,,,,,,
2023-03-01 03:28:29.815000+00:00,,,,,,,,,,,,,,,,,,,
2023-03-01 03:30:29.815000+00:00,,,,,,,,,,,,,,,,,,,
2023-03-01 03:30:59.815000+00:00,,,,,,,,,,,,,,,,,,,
2023-03-01 03:31:59.815000+00:00,,,,,,,,,,,,,,,,,,,
2023-03-01 03:50:29.815000+00:00,,,,,,,,,,,,,,,,,,,
2023-03-01 03:50:59.815000+00:00,,,,,,,,,,,,,,,,,,,
2023-03-01 02:25:29.815000+00:00,,,,,,,,,,,,,,,,,,,
2023-03-01 02:25:59.815000+00:00,,,,,,,,,,,,,,,,,,,
2023-03-01 02:31:59.815000+00:00,,,,,,,,,,,,,,,,,,,
2023-03-01 02:37:29.815000+00:00,,,,,,,,,,,,,,,,,,,
2023-03-01 02:39:29.815000+00:00,,,,,,,,,,,,,,,,,,,
2023-03-01 02:42:29.815000+00:00,,,,,,,,,,,,,,,,,,,
2023-03-01 02:42:59.815000+00:00,,,,,,,,,,,,,,,,,,,
2023-03-01 02:47:29.815000+00:00,,,,,,,,,,,,,,,,,,,
2023-03-01 02:47:59.815000+00:00,,,,,,,,,,,,,,,,,,,
2023-03-01 02:53:29.815000+00:00,,,,,,,,,,,,,,,,,,,
2023-03-01 02:54:29.815000+00:00,,,,,,,,,,,,,,,,,,,
2023-03-01 02:59:59.815000+00:00,,,,,,,,,,,,,,,,,,,
2023-03-01 03:00:29.815000+00:00,,,,,,,,,,,,,,,,,,,
2023-03-01 03:00:59.815000+00:00,,,,,,,,,,,,,,,,,,,
2023-03-01 03:48:29.815000+00:00,,,,,,,,,,,,,,,,,,,
2023-03-01 03:48:59.815000+00:00,,,,,,,,,,,,,,,,,,,
2023-03-01 03:49:29.815000+00:00,,,,,,,,,,,,,,,,,,,
2023-03-01 03:49:59.815000+00:00,,,,,,,,,,,,,,,,,,,
2023-03-01 02:39:59.815000+00:00,,,,,,,,,,,,,,,,,,,
2023-03-01 02:54:59.815000+00:00,,,,,,,,,,,,,,,,,,,
2023-03-01 03:01:29.815000+00:00,,,,,,,,,,,,,,,,,,,
2023-03-01 03:01:59.815000+00:00,,,,,,,,,,,,,,,,,,,
2023-03-01 03:45:59.815000+00:00,,,,,,,,,,,,,,,,,,,
2023-03-01 03:46:29.815000+00:00,,,,,,,,,,,,,,,,,,,
2023-03-01 03:46:59.815000+00:00,,,,,,,,,,,,,,,,,,,
2023-03-01 03:47:29.815000+00:00,,,,,,,,,,,,,,,,,,,
2023-03-01 03:47:59.815000+00:00,,,,,,,,,,,,,,,,,,,
